

    NOD                ACI                a11                a12              a13                a21                  a22                a23                a31                a32               a33
--------------------------------------------------------------------------------------------------------------------------------------------------------------------------------------------------------
    1          0.000000000000E+00  0.2296802E+00      0.9620821E+00      0.1471228E+00     -0.9726664E+00      0.2322070E+00      0.0000000E+00     -0.3416295E-01     -0.1431014E+00      0.9891182E+00
    2          0.104719755120E+00  0.1206588E+00      0.9817313E+00      0.1471228E+00     -0.9925318E+00      0.1219862E+00      0.0000000E+00     -0.1794696E-01     -0.1460241E+00      0.9891182E+00
    2          0.104719755120E+00  0.1206588E+00      0.9817313E+00      0.1471228E+00     -0.9925318E+00      0.1219862E+00      0.0000000E+00     -0.1794696E-01     -0.1460241E+00      0.9891182E+00
    3          0.209439510239E+00  0.1048695E-01      0.9890626E+00      0.1471228E+00     -0.9999438E+00      0.1060232E-01      0.4723367E-17     -0.1559843E-02     -0.1471146E+00      0.9891182E+00
    3          0.209439510239E+00  0.1048695E-01      0.9890626E+00      0.1471228E+00     -0.9999438E+00      0.1060232E-01      0.4723367E-17     -0.1559843E-02     -0.1471146E+00      0.9891182E+00
    4          0.314159265359E+00 -0.9948089E-01      0.9841029E+00      0.1471228E+00     -0.9949294E+00     -0.1005753E+00     -0.4537029E-17      0.1479693E-01     -0.1463768E+00      0.9891182E+00
    4          0.314159265359E+00 -0.9948089E-01      0.9841029E+00      0.1471228E+00     -0.9949294E+00     -0.1005753E+00     -0.4537029E-17      0.1479693E-01     -0.1463768E+00      0.9891182E+00
    5          0.418879020479E+00 -0.2079113E+00      0.9670200E+00      0.1471228E+00     -0.9776587E+00     -0.2101986E+00     -0.8724744E-17      0.3092502E-01     -0.1438359E+00      0.9891182E+00
    5          0.418879020479E+00 -0.2079113E+00      0.9670200E+00      0.1471228E+00     -0.9776587E+00     -0.2101986E+00     -0.8724744E-17      0.3092502E-01     -0.1438359E+00      0.9891182E+00
    6          0.523598775598E+00 -0.3135058E+00      0.9381199E+00      0.1471228E+00     -0.9484406E+00     -0.3169548E+00      0.0000000E+00      0.4663129E-01     -0.1395373E+00      0.9891182E+00
    6          0.523598775598E+00 -0.3135058E+00      0.9381199E+00      0.1471228E+00     -0.9484406E+00     -0.3169548E+00      0.0000000E+00      0.4663129E-01     -0.1395373E+00      0.9891182E+00
    7          0.628318530718E+00 -0.4150142E+00      0.8978408E+00      0.1471228E+00     -0.9077184E+00     -0.4195800E+00      0.0000000E+00      0.6172980E-01     -0.1335461E+00      0.9891182E+00
    7          0.628318530718E+00 -0.4150142E+00      0.8978408E+00      0.1471228E+00     -0.9077184E+00     -0.4195800E+00      0.0000000E+00      0.6172980E-01     -0.1335461E+00      0.9891182E+00
    8          0.733038285838E+00 -0.5112476E+00      0.8467471E+00      0.1471228E+00     -0.8560626E+00     -0.5168721E+00     -0.3899686E-17      0.7604369E-01     -0.1259464E+00      0.9891182E+00
    8          0.733038285838E+00 -0.5112476E+00      0.8467471E+00      0.1471228E+00     -0.8560626E+00     -0.5168721E+00     -0.3899686E-17      0.7604369E-01     -0.1259464E+00      0.9891182E+00
    9          0.837758040957E+00 -0.6010905E+00      0.7855221E+00      0.1471228E+00     -0.7941641E+00     -0.6077034E+00      0.3763343E-17      0.8940705E-01     -0.1168397E+00      0.9891182E+00
    9          0.837758040957E+00 -0.6010905E+00      0.7855221E+00      0.1471228E+00     -0.7941641E+00     -0.6077034E+00      0.3763343E-17      0.8940705E-01     -0.1168397E+00      0.9891182E+00
   10          0.942477796077E+00 -0.6835120E+00      0.7149589E+00      0.1471228E+00     -0.7228245E+00     -0.6910316E+00      0.3634841E-17      0.1016665E+00     -0.1063440E+00      0.9891182E+00
   10          0.942477796077E+00 -0.6835120E+00      0.7149589E+00      0.1471228E+00     -0.7228245E+00     -0.6910316E+00      0.3634841E-17      0.1016665E+00     -0.1063440E+00      0.9891182E+00
   11          0.104719755120E+01 -0.7575762E+00      0.6359506E+00      0.1471228E+00     -0.6429471E+00     -0.7659106E+00      0.7027209E-17      0.1126829E+00     -0.9459219E-01      0.9891182E+00
   11          0.104719755120E+01 -0.7575762E+00      0.6359506E+00      0.1471228E+00     -0.6429471E+00     -0.7659106E+00      0.7027209E-17      0.1126829E+00     -0.9459219E-01      0.9891182E+00
   12          0.115191730632E+01 -0.8224516E+00      0.5494799E+00      0.1471228E+00     -0.5555250E+00     -0.8314998E+00      0.0000000E+00      0.1223326E+00     -0.8173042E-01      0.9891182E+00
   12          0.115191730632E+01 -0.8224516E+00      0.5494799E+00      0.1471228E+00     -0.5555250E+00     -0.8314998E+00      0.0000000E+00      0.1223326E+00     -0.8173042E-01      0.9891182E+00
   13          0.125663706144E+01 -0.8774195E+00      0.4566070E+00      0.1471228E+00     -0.4616304E+00     -0.8870724E+00      0.0000000E+00      0.1305086E+00     -0.6791637E-01      0.9891182E+00
   13          0.125663706144E+01 -0.8774195E+00      0.4566070E+00      0.1471228E+00     -0.4616304E+00     -0.8870724E+00      0.0000000E+00      0.1305086E+00     -0.6791637E-01      0.9891182E+00
   14          0.136135681656E+01 -0.9218802E+00      0.3584575E+00      0.1471228E+00     -0.3624011E+00     -0.9320222E+00      0.6376950E-17      0.1371218E+00     -0.5331748E-01      0.9891182E+00
   14          0.136135681656E+01 -0.9218802E+00      0.3584575E+00      0.1471228E+00     -0.3624011E+00     -0.9320222E+00      0.6376950E-17      0.1371218E+00     -0.5331748E-01      0.9891182E+00
   15          0.146607657168E+01 -0.9553594E+00      0.2562094E+00      0.1471228E+00     -0.2590281E+00     -0.9658698E+00      0.0000000E+00      0.1421015E+00     -0.3810895E-01      0.9891182E+00
   15          0.146607657168E+01 -0.9553594E+00      0.2562094E+00      0.1471228E+00     -0.2590281E+00     -0.9658698E+00      0.0000000E+00      0.1421015E+00     -0.3810895E-01      0.9891182E+00
   16          0.157079632679E+01 -0.9775121E+00      0.1510795E+00      0.1471228E+00     -0.1527416E+00     -0.9882662E+00     -0.5999133E-17      0.1453965E+00     -0.2247177E-01      0.9891182E+00
   16          0.157079632679E+01 -0.9775121E+00      0.1510795E+00      0.1471228E+00     -0.1527416E+00     -0.9882662E+00     -0.5999133E-17      0.1453965E+00     -0.2247177E-01      0.9891182E+00
   17          0.167551608191E+01 -0.9881253E+00      0.4430959E-01      0.1471228E+00     -0.4479707E-01     -0.9989961E+00     -0.2912357E-17      0.1469751E+00     -0.6590671E-02      0.9891182E+00
   17          0.167551608191E+01 -0.9881253E+00      0.4430959E-01      0.1471228E+00     -0.4479707E-01     -0.9989961E+00     -0.2912357E-17      0.1469751E+00     -0.6590671E-02      0.9891182E+00
   18          0.178023583703E+01 -0.9871196E+00     -0.6284722E-01      0.1471228E+00      0.6353863E-01     -0.9979794E+00      0.2829555E-17      0.1468256E+00      0.9347984E-02      0.9891182E+00
   18          0.178023583703E+01 -0.9871196E+00     -0.6284722E-01      0.1471228E+00      0.6353863E-01     -0.9979794E+00      0.2829555E-17      0.1468256E+00      0.9347984E-02      0.9891182E+00
   19          0.188495559215E+01 -0.9745492E+00     -0.1691409E+00      0.1471228E+00      0.1710017E+00     -0.9852707E+00      0.2750873E-17      0.1449558E+00      0.2515826E-01      0.9891182E+00
   19          0.188495559215E+01 -0.9745492E+00     -0.1691409E+00      0.1471228E+00      0.1710017E+00     -0.9852707E+00      0.2750873E-17      0.1449558E+00      0.2515826E-01      0.9891182E+00
   20          0.198967534727E+01 -0.9506004E+00     -0.2733383E+00      0.1471228E+00      0.2763454E+00     -0.9610584E+00      0.0000000E+00      0.1413936E+00      0.4065672E-01      0.9891182E+00
   20          0.198967534727E+01 -0.9506004E+00     -0.2733383E+00      0.1471228E+00      0.2763454E+00     -0.9610584E+00      0.0000000E+00      0.1413936E+00      0.4065672E-01      0.9891182E+00
   21          0.209439510239E+01 -0.9155883E+00     -0.3742366E+00      0.1471228E+00      0.3783537E+00     -0.9256611E+00      0.0000000E+00      0.1361859E+00      0.5566448E-01      0.9891182E+00
   21          0.209439510239E+01 -0.9155883E+00     -0.3742366E+00      0.1471228E+00      0.3783537E+00     -0.9256611E+00      0.0000000E+00      0.1361859E+00      0.5566448E-01      0.9891182E+00
   22          0.219911485751E+01 -0.8699530E+00     -0.4706768E+00      0.1471228E+00      0.4758549E+00     -0.8795238E+00      0.2537020E-17      0.1293980E+00      0.7000912E-01      0.9891182E+00
   22          0.219911485751E+01 -0.8699530E+00     -0.4706768E+00      0.1471228E+00      0.4758549E+00     -0.8795238E+00      0.2537020E-17      0.1293980E+00      0.7000912E-01      0.9891182E+00
   23          0.230383461263E+01 -0.8142539E+00     -0.5615562E+00      0.1471228E+00      0.5677342E+00     -0.8232119E+00      0.2472384E-17      0.1211133E+00      0.8352667E-01      0.9891182E+00
   23          0.230383461263E+01 -0.8142539E+00     -0.5615562E+00      0.1471228E+00      0.5677342E+00     -0.8232119E+00      0.2472384E-17      0.1211133E+00      0.8352667E-01      0.9891182E+00
   24          0.240855436775E+01 -0.7491625E+00     -0.6458408E+00      0.1471228E+00      0.6529460E+00     -0.7574044E+00      0.0000000E+00      0.1114315E+00      0.9606327E-01      0.9891182E+00
   24          0.240855436775E+01 -0.7491625E+00     -0.6458408E+00      0.1471228E+00      0.6529460E+00     -0.7574044E+00      0.0000000E+00      0.1114315E+00      0.9606327E-01      0.9891182E+00
   25          0.251327412287E+01 -0.6754546E+00     -0.7225759E+00      0.1471228E+00      0.7305254E+00     -0.6828856E+00      0.2351907E-17      0.1004681E+00      0.1074770E+00      0.9891182E+00
   25          0.251327412287E+01 -0.6754546E+00     -0.7225759E+00      0.1471228E+00      0.7305254E+00     -0.6828856E+00      0.2351907E-17      0.1004681E+00      0.1074770E+00      0.9891182E+00
   26          0.261799387799E+01 -0.5940007E+00     -0.7908970E+00      0.1471228E+00      0.7995980E+00     -0.6005356E+00      0.0000000E+00      0.8835250E-01      0.1176391E+00      0.9891182E+00
   26          0.261799387799E+01 -0.5940007E+00     -0.7908970E+00      0.1471228E+00      0.7995980E+00     -0.6005356E+00      0.0000000E+00      0.8835250E-01      0.1176391E+00      0.9891182E+00
   27          0.272271363311E+01 -0.5057564E+00     -0.8500384E+00      0.1471228E+00      0.8593901E+00     -0.5113205E+00     -0.2242037E-17      0.7522692E-01      0.1264359E+00      0.9891182E+00
   27          0.272271363311E+01 -0.5057564E+00     -0.8500384E+00      0.1471228E+00      0.8593901E+00     -0.5113205E+00     -0.2242037E-17      0.7522692E-01      0.1264359E+00      0.9891182E+00
   28          0.282743338823E+01 -0.4117508E+00     -0.8993421E+00      0.1471228E+00      0.9092362E+00     -0.4162807E+00      0.2190704E-17      0.6124439E-01      0.1337694E+00      0.9891182E+00
   28          0.282743338823E+01 -0.4117508E+00     -0.8993421E+00      0.1471228E+00      0.9092362E+00     -0.4162807E+00      0.2190704E-17      0.6124439E-01      0.1337694E+00      0.9891182E+00
   29          0.293215314335E+01 -0.3130748E+00     -0.9382638E+00      0.1471228E+00      0.9485861E+00     -0.3165191E+00      0.2141593E-17      0.4656719E-01      0.1395587E+00      0.9891182E+00
   29          0.293215314335E+01 -0.3130748E+00     -0.9382638E+00      0.1471228E+00      0.9485861E+00     -0.3165191E+00      0.2141593E-17      0.4656719E-01      0.1395587E+00      0.9891182E+00
   30          0.303687289847E+01 -0.2108688E+00     -0.9663794E+00      0.1471228E+00      0.9770110E+00     -0.2131887E+00      0.0000000E+00      0.3136493E-01      0.1437406E+00      0.9891182E+00
   30          0.303687289847E+01 -0.2108688E+00     -0.9663794E+00      0.1471228E+00      0.9770110E+00     -0.2131887E+00      0.0000000E+00      0.3136493E-01      0.1437406E+00      0.9891182E+00
   31          0.314159265359E+01 -0.1063095E+00     -0.9833886E+00      0.1471228E+00      0.9942074E+00     -0.1074790E+00      0.4099109E-17      0.1581262E-01      0.1462706E+00      0.9891182E+00
   31          0.314159265359E+01 -0.1063095E+00     -0.9833886E+00      0.1471228E+00      0.9942074E+00     -0.1074790E+00      0.4099109E-17      0.1581262E-01      0.1462706E+00      0.9891182E+00
   32          0.324631240871E+01 -0.5964634E-03     -0.9891180E+00      0.1471228E+00      0.9999998E+00     -0.6030253E-03      0.0000000E+00      0.8871880E-04      0.1471228E+00      0.9891182E+00
   32          0.324631240871E+01 -0.5964634E-03     -0.9891180E+00      0.1471228E+00      0.9999998E+00     -0.6030253E-03      0.0000000E+00      0.8871880E-04      0.1471228E+00      0.9891182E+00
   33          0.335103216383E+01  0.1050609E+00     -0.9835228E+00      0.1471228E+00      0.9943430E+00      0.1062167E+00      0.0000000E+00     -0.1562691E-01      0.1462906E+00      0.9891182E+00
   33          0.335103216383E+01  0.1050609E+00     -0.9835228E+00      0.1471228E+00      0.9943430E+00      0.1062167E+00      0.0000000E+00     -0.1562691E-01      0.1462906E+00      0.9891182E+00
   34          0.345575191895E+01  0.2094575E+00     -0.9666863E+00      0.1471228E+00      0.9773213E+00      0.2117618E+00      0.0000000E+00     -0.3115500E-01      0.1437863E+00      0.9891182E+00
   34          0.345575191895E+01  0.2094575E+00     -0.9666863E+00      0.1471228E+00      0.9773213E+00      0.2117618E+00      0.0000000E+00     -0.3115500E-01      0.1437863E+00      0.9891182E+00
   35          0.356047167407E+01  0.3114056E+00     -0.9388192E+00      0.1471228E+00      0.9491476E+00      0.3148315E+00     -0.1887261E-17     -0.4631890E-01      0.1396413E+00      0.9891182E+00
   35          0.356047167407E+01  0.3114056E+00     -0.9388192E+00      0.1471228E+00      0.9491476E+00      0.3148315E+00     -0.1887261E-17     -0.4631890E-01      0.1396413E+00      0.9891182E+00
   36          0.366519142919E+01  0.4097483E+00     -0.9002562E+00      0.1471228E+00      0.9101603E+00      0.4142562E+00      0.0000000E+00     -0.6094654E-01      0.1339054E+00      0.9891182E+00
   36          0.366519142919E+01  0.4097483E+00     -0.9002562E+00      0.1471228E+00      0.9101603E+00      0.4142562E+00      0.0000000E+00     -0.6094654E-01      0.1339054E+00      0.9891182E+00
   37          0.376991118431E+01  0.5033725E+00     -0.8514523E+00      0.1471228E+00      0.8608195E+00      0.5089104E+00      0.1815561E-17     -0.7487234E-01      0.1266462E+00      0.9891182E+00
   37          0.376991118431E+01  0.5033725E+00     -0.8514523E+00      0.1471228E+00      0.8608195E+00      0.5089104E+00      0.1815561E-17     -0.7487234E-01      0.1266462E+00      0.9891182E+00
   38          0.387463093943E+01  0.5912210E+00     -0.7929770E+00      0.1471228E+00      0.8017010E+00      0.5977253E+00      0.1781801E-17     -0.8793904E-01      0.1179485E+00      0.9891182E+00
   38          0.387463093943E+01  0.5912210E+00     -0.7929770E+00      0.1471228E+00      0.8017010E+00      0.5977253E+00      0.1781801E-17     -0.8793904E-01      0.1179485E+00      0.9891182E+00
   39          0.397935069455E+01  0.6723042E+00     -0.7255081E+00      0.1471228E+00      0.7334897E+00      0.6797005E+00     -0.1749343E-17     -0.9999947E-01      0.1079131E+00      0.9891182E+00
   39          0.397935069455E+01  0.6723042E+00     -0.7255081E+00      0.1471228E+00      0.7334897E+00      0.6797005E+00     -0.1749343E-17     -0.9999947E-01      0.1079131E+00      0.9891182E+00
   40          0.408407044967E+01  0.7457110E+00     -0.6498230E+00      0.1471228E+00      0.6569720E+00      0.7539150E+00      0.1718125E-17     -0.1109181E+00      0.9665559E-01      0.9891182E+00
   40          0.408407044967E+01  0.7457110E+00     -0.6498230E+00      0.1471228E+00      0.6569720E+00      0.7539150E+00      0.1718125E-17     -0.1109181E+00      0.9665559E-01      0.9891182E+00
   41          0.418879020479E+01  0.8106192E+00     -0.5667905E+00      0.1471228E+00      0.5730260E+00      0.8195372E+00      0.1688088E-17     -0.1205726E+00      0.8430521E-01      0.9891182E+00
   41          0.418879020479E+01  0.8106192E+00     -0.5667905E+00      0.1471228E+00      0.5730260E+00      0.8195372E+00      0.1688088E-17     -0.1205726E+00      0.8430521E-01      0.9891182E+00
   42          0.429350995991E+01  0.8663036E+00     -0.4773604E+00      0.1471228E+00      0.4826120E+00      0.8758342E+00      0.0000000E+00     -0.1288552E+00      0.7100325E-01      0.9891182E+00
   42          0.429350995991E+01  0.8663036E+00     -0.4773604E+00      0.1471228E+00      0.4826120E+00      0.8758342E+00      0.0000000E+00     -0.1288552E+00      0.7100325E-01      0.9891182E+00
   43          0.439822971503E+01  0.9121449E+00     -0.3825527E+00      0.1471228E+00      0.3867613E+00      0.9221798E+00     -0.1631336E-17     -0.1356737E+00      0.5690143E-01      0.9891182E+00
   43          0.439822971503E+01  0.9121449E+00     -0.3825527E+00      0.1471228E+00      0.3867613E+00      0.9221798E+00     -0.1631336E-17     -0.1356737E+00      0.5690143E-01      0.9891182E+00
   44          0.450294947015E+01  0.9476355E+00     -0.2834463E+00      0.1471228E+00      0.2865646E+00      0.9580609E+00      0.1604521E-17     -0.1409526E+00      0.4216020E-01      0.9891182E+00
   44          0.450294947015E+01  0.9476355E+00     -0.2834463E+00      0.1471228E+00      0.2865646E+00      0.9580609E+00      0.1604521E-17     -0.1409526E+00      0.4216020E-01      0.9891182E+00
   45          0.460766922527E+01  0.9723855E+00     -0.1811663E+00      0.1471228E+00      0.1831594E+00      0.9830832E+00      0.0000000E+00     -0.1446340E+00      0.2694694E-01      0.9891182E+00
   45          0.460766922527E+01  0.9723855E+00     -0.1811663E+00      0.1471228E+00      0.1831594E+00      0.9830832E+00      0.0000000E+00     -0.1446340E+00      0.2694694E-01      0.9891182E+00
   46          0.471238898038E+01  0.9861266E+00     -0.7687196E-01      0.1471228E+00      0.7771766E-01      0.9969754E+00      0.0000000E+00     -0.1466779E+00      0.1143404E-01      0.9891182E+00
   46          0.471238898038E+01  0.9861266E+00     -0.7687196E-01      0.1471228E+00      0.7771766E-01      0.9969754E+00      0.0000000E+00     -0.1466779E+00      0.1143404E-01      0.9891182E+00
   47          0.481710873550E+01  0.9887145E+00      0.2825713E-01      0.1471228E+00     -0.2856800E-01      0.9995919E+00      0.0000000E+00     -0.1470628E+00     -0.4203005E-02      0.9891182E+00
   47          0.481710873550E+01  0.9887145E+00      0.2825713E-01      0.1471228E+00     -0.2856800E-01      0.9995919E+00      0.0000000E+00     -0.1470628E+00     -0.4203005E-02      0.9891182E+00
   48          0.492182849062E+01  0.9801311E+00      0.1330336E+00      0.1471228E+00     -0.1344972E+00      0.9909140E+00      0.4519839E-17     -0.1457861E+00     -0.1978761E-01      0.9891182E+00
   48          0.492182849062E+01  0.9801311E+00      0.1330336E+00      0.1471228E+00     -0.1344972E+00      0.9909140E+00      0.4519839E-17     -0.1457861E+00     -0.1978761E-01      0.9891182E+00
   49          0.502654824574E+01  0.9604835E+00      0.2362761E+00      0.1471228E+00     -0.2388754E+00      0.9710502E+00      0.0000000E+00     -0.1428637E+00     -0.3514403E-01      0.9891182E+00
   49          0.502654824574E+01  0.9604835E+00      0.2362761E+00      0.1471228E+00     -0.2388754E+00      0.9710502E+00      0.0000000E+00     -0.1428637E+00     -0.3514403E-01      0.9891182E+00
   50          0.513126800086E+01  0.9300031E+00      0.3368219E+00      0.1471228E+00     -0.3405275E+00      0.9402346E+00     -0.1462720E-17     -0.1383300E+00     -0.5009937E-01      0.9891182E+00
   50          0.513126800086E+01  0.9300031E+00      0.3368219E+00      0.1471228E+00     -0.3405275E+00      0.9402346E+00     -0.1462720E-17     -0.1383300E+00     -0.5009937E-01      0.9891182E+00
   51          0.523598775598E+01  0.8890429E+00      0.4335407E+00      0.1471228E+00     -0.4383103E+00      0.8988237E+00      0.1441915E-17     -0.1322375E+00     -0.6448545E-01      0.9891182E+00
   51          0.523598775598E+01  0.8890429E+00      0.4335407E+00      0.1471228E+00     -0.4383103E+00      0.8988237E+00      0.1441915E-17     -0.1322375E+00     -0.6448545E-01      0.9891182E+00
   52          0.534070751110E+01  0.8380728E+00      0.5253464E+00      0.1471228E+00     -0.5311260E+00      0.8472929E+00      0.1421830E-17     -0.1246561E+00     -0.7814076E-01      0.9891182E+00
   52          0.534070751110E+01  0.8380728E+00      0.5253464E+00      0.1471228E+00     -0.5311260E+00      0.8472929E+00      0.1421830E-17     -0.1246561E+00     -0.7814076E-01      0.9891182E+00
   53          0.544542726622E+01  0.7776746E+00      0.6112095E+00      0.1471228E+00     -0.6179338E+00      0.7862302E+00      0.0000000E+00     -0.1156724E+00     -0.9091217E-01      0.9891182E+00
   53          0.544542726622E+01  0.7776746E+00      0.6112095E+00      0.1471228E+00     -0.6179338E+00      0.7862302E+00      0.0000000E+00     -0.1156724E+00     -0.9091217E-01      0.9891182E+00
   54          0.555014702134E+01  0.7085350E+00      0.6901688E+00      0.1471228E+00     -0.6977617E+00      0.7163300E+00      0.0000000E+00     -0.1053885E+00     -0.1026567E+00      0.9891182E+00
   54          0.555014702134E+01  0.7085350E+00      0.6901688E+00      0.1471228E+00     -0.6977617E+00      0.7163300E+00      0.0000000E+00     -0.1053885E+00     -0.1026567E+00      0.9891182E+00
   55          0.565486677646E+01  0.6314382E+00      0.7613414E+00      0.1471228E+00     -0.7697172E+00      0.6383850E+00      0.1365608E-17     -0.9392101E-01     -0.1132430E+00      0.9891182E+00
   55          0.565486677646E+01  0.6314382E+00      0.7613414E+00      0.1471228E+00     -0.7697172E+00      0.6383850E+00      0.1365608E-17     -0.9392101E-01     -0.1132430E+00      0.9891182E+00
   56          0.575958653158E+01  0.5472564E+00      0.8239328E+00      0.1471228E+00     -0.8329973E+00      0.5532771E+00      0.1348124E-17     -0.8139969E-01     -0.1225529E+00      0.9891182E+00
   56          0.575958653158E+01  0.5472564E+00      0.8239328E+00      0.1471228E+00     -0.8329973E+00      0.5532771E+00      0.1348124E-17     -0.8139969E-01     -0.1225529E+00      0.9891182E+00
   57          0.586430628670E+01  0.4569404E+00      0.8772459E+00      0.1471228E+00     -0.8868969E+00      0.4619674E+00     -0.1331229E-17     -0.6796596E-01     -0.1304828E+00      0.9891182E+00
   57          0.586430628670E+01  0.4569404E+00      0.8772459E+00      0.1471228E+00     -0.8868969E+00      0.4619674E+00     -0.1331229E-17     -0.6796596E-01     -0.1304828E+00      0.9891182E+00
   58          0.596902604182E+01  0.3615087E+00      0.9206880E+00      0.1471228E+00     -0.9308169E+00      0.3654858E+00     -0.1314899E-17     -0.5377131E-01     -0.1369444E+00      0.9891182E+00
   58          0.596902604182E+01  0.3615087E+00      0.9206880E+00      0.1471228E+00     -0.9308169E+00      0.3654858E+00     -0.1314899E-17     -0.5377131E-01     -0.1369444E+00      0.9891182E+00
   59          0.607374579694E+01  0.2620358E+00      0.9537778E+00      0.1471228E+00     -0.9642708E+00      0.2649186E+00     -0.1299114E-17     -0.3897557E-01     -0.1418663E+00      0.9891182E+00
   59          0.607374579694E+01  0.2620358E+00      0.9537778E+00      0.1471228E+00     -0.9642708E+00      0.2649186E+00     -0.1299114E-17     -0.3897557E-01     -0.1418663E+00      0.9891182E+00
   60          0.617846555206E+01  0.1596406E+00      0.9761505E+00      0.1471228E+00     -0.9868896E+00      0.1613969E+00     -0.1283853E-17     -0.2374517E-01     -0.1451940E+00      0.9891182E+00
   60          0.617846555206E+01  0.1596406E+00      0.9761505E+00      0.1471228E+00     -0.9868896E+00      0.1613969E+00     -0.1283853E-17     -0.2374517E-01     -0.1451940E+00      0.9891182E+00
   61          0.628318530718E+01  0.5547363E-01      0.9875614E+00      0.1471228E+00     -0.9984261E+00      0.5608392E-01      0.1269097E-17     -0.8251226E-02     -0.1468913E+00      0.9891182E+00
   61          0.628318530718E+01  0.5547363E-01      0.9875614E+00      0.1471228E+00     -0.9984261E+00      0.5608392E-01      0.1269097E-17     -0.8251226E-02     -0.1468913E+00      0.9891182E+00
   62          0.638790506230E+01 -0.4929609E-01      0.9878890E+00      0.1471228E+00     -0.9987573E+00     -0.4983842E-01      0.0000000E+00      0.7332370E-02     -0.1469400E+00      0.9891182E+00
   62          0.638790506230E+01 -0.4929609E-01      0.9878890E+00      0.1471228E+00     -0.9987573E+00     -0.4983842E-01      0.0000000E+00      0.7332370E-02     -0.1469400E+00      0.9891182E+00
   63          0.649262481742E+01 -0.1534937E+00      0.9771359E+00      0.1471228E+00     -0.9878858E+00     -0.1551824E+00      0.0000000E+00      0.2283087E-01     -0.1453406E+00      0.9891182E+00
   63          0.649262481742E+01 -0.1534937E+00      0.9771359E+00      0.1471228E+00     -0.9878858E+00     -0.1551824E+00      0.0000000E+00      0.2283087E-01     -0.1453406E+00      0.9891182E+00
   64          0.659734457254E+01 -0.2559519E+00      0.9554284E+00      0.1471228E+00     -0.9659396E+00     -0.2587677E+00      0.0000000E+00      0.3807064E-01     -0.1421118E+00      0.9891182E+00
   64          0.659734457254E+01 -0.2559519E+00      0.9554284E+00      0.1471228E+00     -0.9659396E+00     -0.2587677E+00      0.0000000E+00      0.3807064E-01     -0.1421118E+00      0.9891182E+00
   65          0.670206432766E+01 -0.3555236E+00      0.9230156E+00      0.1471228E+00     -0.9331701E+00     -0.3594349E+00     -0.1214778E-17      0.5288109E-01     -0.1372906E+00      0.9891182E+00
   65          0.670206432766E+01 -0.3555236E+00      0.9230156E+00      0.1471228E+00     -0.9331701E+00     -0.3594349E+00     -0.1214778E-17      0.5288109E-01     -0.1372906E+00      0.9891182E+00
   66          0.680678408278E+01 -0.4510954E+00      0.8802658E+00      0.1471228E+00     -0.8899500E+00     -0.4560581E+00     -0.1202293E-17      0.6709657E-01     -0.1309320E+00      0.9891182E+00
   66          0.680678408278E+01 -0.4510954E+00      0.8802658E+00      0.1471228E+00     -0.8899500E+00     -0.4560581E+00     -0.1202293E-17      0.6709657E-01     -0.1309320E+00      0.9891182E+00
   67          0.691150383790E+01 -0.5415991E+00      0.8276625E+00      0.1471228E+00     -0.8367681E+00     -0.5475575E+00      0.0000000E+00      0.8055821E-01     -0.1231077E+00      0.9891182E+00
   67          0.691150383790E+01 -0.5415991E+00      0.8276625E+00      0.1471228E+00     -0.8367681E+00     -0.5475575E+00      0.0000000E+00      0.8055821E-01     -0.1231077E+00      0.9891182E+00
   68          0.701622359302E+01 -0.6260242E+00      0.7657993E+00      0.1471228E+00     -0.7742243E+00     -0.6329114E+00      0.1178537E-17      0.9311571E-01     -0.1139061E+00      0.9891182E+00
   68          0.701622359302E+01 -0.6260242E+00      0.7657993E+00      0.1471228E+00     -0.7742243E+00     -0.6329114E+00      0.1178537E-17      0.9311571E-01     -0.1139061E+00      0.9891182E+00
   69          0.712094334814E+01 -0.7034286E+00      0.6953726E+00      0.1471228E+00     -0.7030227E+00     -0.7111674E+00      0.1167240E-17      0.1046290E+00     -0.1034307E+00      0.9891182E+00
   69          0.712094334814E+01 -0.7034286E+00      0.6953726E+00      0.1471228E+00     -0.7030227E+00     -0.7111674E+00      0.1167240E-17      0.1046290E+00     -0.1034307E+00      0.9891182E+00
   70          0.722566310326E+01 -0.7729498E+00      0.6171738E+00      0.1471228E+00     -0.6239636E+00     -0.7814534E+00     -0.1156312E-17      0.1149696E+00     -0.9179930E-01      0.9891182E+00
   70          0.722566310326E+01 -0.7729498E+00      0.6171738E+00      0.1471228E+00     -0.6239636E+00     -0.7814534E+00     -0.1156312E-17      0.1149696E+00     -0.9179930E-01      0.9891182E+00
   71          0.733038285838E+01 -0.8338135E+00      0.5320808E+00      0.1471228E+00     -0.5379345E+00     -0.8429867E+00      0.0000000E+00      0.1240226E+00     -0.7914245E-01      0.9891182E+00
   71          0.733038285838E+01 -0.8338135E+00      0.5320808E+00      0.1471228E+00     -0.5379345E+00     -0.8429867E+00      0.0000000E+00      0.1240226E+00     -0.7914245E-01      0.9891182E+00
   72          0.743510261350E+01 -0.8853427E+00      0.4410478E+00      0.1471228E+00     -0.4459000E+00     -0.8950828E+00      0.0000000E+00      0.1316871E+00     -0.6560207E-01      0.9891182E+00
   72          0.743510261350E+01 -0.8853427E+00      0.4410478E+00      0.1471228E+00     -0.4459000E+00     -0.8950828E+00      0.0000000E+00      0.1316871E+00     -0.6560207E-01      0.9891182E+00
   73          0.753982236862E+01 -0.9269652E+00      0.3450946E+00      0.1471228E+00     -0.3488912E+00     -0.9371632E+00     -0.1125638E-17      0.1378781E+00     -0.5132986E-01      0.9891182E+00
   73          0.753982236862E+01 -0.9269652E+00      0.3450946E+00      0.1471228E+00     -0.3488912E+00     -0.9371632E+00     -0.1125638E-17      0.1378781E+00     -0.5132986E-01      0.9891182E+00
   74          0.764454212374E+01 -0.9582197E+00      0.2452955E+00      0.1471228E+00     -0.2479941E+00     -0.9687615E+00      0.0000000E+00      0.1425269E+00     -0.3648559E-01      0.9891182E+00
   74          0.764454212374E+01 -0.9582197E+00      0.2452955E+00      0.1471228E+00     -0.2479941E+00     -0.9687615E+00      0.0000000E+00      0.1425269E+00     -0.3648559E-01      0.9891182E+00
   75          0.774926187885E+01 -0.9787607E+00      0.1427667E+00      0.1471228E+00     -0.1443374E+00     -0.9895285E+00     -0.1106840E-17      0.1455822E+00     -0.2123532E-01      0.9891182E+00
   75          0.774926187885E+01 -0.9787607E+00      0.1427667E+00      0.1471228E+00     -0.1443374E+00     -0.9895285E+00     -0.1106840E-17      0.1455822E+00     -0.2123532E-01      0.9891182E+00
   76          0.785398163397E+01 -0.9883626E+00      0.3865461E-01      0.1471228E+00     -0.3907987E-01     -0.9992361E+00      0.0000000E+00      0.1470104E+00     -0.5749542E-02      0.9891182E+00
   76          0.785398163397E+01 -0.9883626E+00      0.3865461E-01      0.1471228E+00     -0.3907987E-01     -0.9992361E+00      0.0000000E+00      0.1470104E+00     -0.5749542E-02      0.9891182E+00
   77          0.795870138909E+01 -0.9869220E+00     -0.6587767E-01      0.1471228E+00      0.6660243E-01     -0.9977796E+00      0.0000000E+00      0.1467962E+00      0.9798738E-02      0.9891182E+00
   77          0.795870138909E+01 -0.9869220E+00     -0.6587767E-01      0.1471228E+00      0.6660243E-01     -0.9977796E+00      0.0000000E+00      0.1467962E+00      0.9798738E-02      0.9891182E+00
   78          0.806342114421E+01 -0.9744585E+00     -0.1696629E+00      0.1471228E+00      0.1715294E+00     -0.9851790E+00     -0.1080932E-17      0.1449423E+00      0.2523589E-01      0.9891182E+00
   78          0.806342114421E+01 -0.9744585E+00     -0.1696629E+00      0.1471228E+00      0.1715294E+00     -0.9851790E+00     -0.1080932E-17      0.1449423E+00      0.2523589E-01      0.9891182E+00
   79          0.816814089933E+01 -0.9511148E+00     -0.2715427E+00      0.1471228E+00      0.2745300E+00     -0.9615785E+00      0.0000000E+00      0.1414702E+00      0.4038964E-01      0.9891182E+00
   79          0.816814089933E+01 -0.9511148E+00     -0.2715427E+00      0.1471228E+00      0.2745300E+00     -0.9615785E+00      0.0000000E+00      0.1414702E+00      0.4038964E-01      0.9891182E+00
   80          0.827286065445E+01 -0.9171549E+00     -0.3703806E+00      0.1471228E+00      0.3744553E+00     -0.9272450E+00     -0.1065088E-17      0.1364189E+00      0.5509093E-01      0.9891182E+00
   80          0.827286065445E+01 -0.9171549E+00     -0.3703806E+00      0.1471228E+00      0.3744553E+00     -0.9272450E+00     -0.1065088E-17      0.1364189E+00      0.5509093E-01      0.9891182E+00
   81          0.837758040957E+01 -0.8729607E+00     -0.4650746E+00      0.1471228E+00      0.4701912E+00     -0.8825646E+00      0.0000000E+00      0.1298454E+00      0.6917586E-01      0.9891182E+00
   81          0.837758040957E+01 -0.8729607E+00     -0.4650746E+00      0.1471228E+00      0.4701912E+00     -0.8825646E+00      0.0000000E+00      0.1298454E+00      0.6917586E-01      0.9891182E+00
   82          0.848230016469E+01 -0.8190284E+00     -0.5545696E+00      0.1471228E+00      0.5606706E+00     -0.8280389E+00     -0.1050317E-17      0.1218234E+00      0.8248746E-01      0.9891182E+00
   82          0.848230016469E+01 -0.8190284E+00     -0.5545696E+00      0.1471228E+00      0.5606706E+00     -0.8280389E+00     -0.1050317E-17      0.1218234E+00      0.8248746E-01      0.9891182E+00
   83          0.858701991981E+01 -0.7559621E+00     -0.6378685E+00      0.1471228E+00      0.6448860E+00     -0.7642788E+00     -0.1043316E-17      0.1124429E+00      0.9487745E-01      0.9891182E+00
   83          0.858701991981E+01 -0.7559621E+00     -0.6378685E+00      0.1471228E+00      0.6448860E+00     -0.7642788E+00     -0.1043316E-17      0.1124429E+00      0.9487745E-01      0.9891182E+00
   84          0.869173967493E+01 -0.6844677E+00     -0.7140440E+00      0.1471228E+00      0.7218995E+00     -0.6919979E+00      0.5182817E-18      0.1018087E+00      0.1062079E+00      0.9891182E+00
   84          0.869173967493E+01 -0.6844677E+00     -0.7140440E+00      0.1471228E+00      0.7218995E+00     -0.6919979E+00      0.5182817E-18      0.1018087E+00      0.1062079E+00      0.9891182E+00
   85          0.879645943005E+01 -0.6053446E+00     -0.7822485E+00      0.1471228E+00      0.7908544E+00     -0.6120043E+00     -0.5150265E-18      0.9003981E-01      0.1163527E+00      0.9891182E+00
   85          0.879645943005E+01 -0.6053446E+00     -0.7822485E+00      0.1471228E+00      0.7908544E+00     -0.6120043E+00     -0.5150265E-18      0.9003981E-01      0.1163527E+00      0.9891182E+00
   86          0.890117918517E+01 -0.5194768E+00     -0.8417236E+00      0.1471228E+00      0.8509838E+00     -0.5251919E+00      0.5118894E-18      0.7726772E-01      0.1251992E+00      0.9891182E+00
   86          0.890117918517E+01 -0.5194768E+00     -0.8417236E+00      0.1471228E+00      0.8509838E+00     -0.5251919E+00      0.5118894E-18      0.7726772E-01      0.1251992E+00      0.9891182E+00
   87          0.900589894029E+01 -0.4278232E+00     -0.8918084E+00      0.1471228E+00      0.9016196E+00     -0.4325299E+00      0.0000000E+00      0.6363503E-01      0.1326488E+00      0.9891182E+00
   87          0.900589894029E+01 -0.4278232E+00     -0.8918084E+00      0.1471228E+00      0.9016196E+00     -0.4325299E+00      0.0000000E+00      0.6363503E-01      0.1326488E+00      0.9891182E+00
   88          0.911061869541E+01 -0.3314067E+00     -0.9319466E+00      0.1471228E+00      0.9421994E+00     -0.3350526E+00      0.5059591E-18      0.4929390E-01      0.1386190E+00      0.9891182E+00
   88          0.911061869541E+01 -0.3314067E+00     -0.9319466E+00      0.1471228E+00      0.9421994E+00     -0.3350526E+00      0.5059591E-18      0.4929390E-01      0.1386190E+00      0.9891182E+00
   89          0.921533845053E+01 -0.2313027E+00     -0.9616933E+00      0.1471228E+00      0.9722733E+00     -0.2338474E+00      0.5031606E-18      0.3440430E-01      0.1430436E+00      0.9891182E+00
   89          0.921533845053E+01 -0.2313027E+00     -0.9616933E+00      0.1471228E+00      0.9722733E+00     -0.2338474E+00      0.5031606E-18      0.3440430E-01      0.1430436E+00      0.9891182E+00
   90          0.932005820565E+01 -0.1286277E+00     -0.9807190E+00      0.1471228E+00      0.9915084E+00     -0.1300428E+00      0.1000940E-17      0.1913226E-01      0.1458735E+00      0.9891182E+00
   90          0.932005820565E+01 -0.1286277E+00     -0.9807190E+00      0.1471228E+00      0.9915084E+00     -0.1300428E+00      0.1000940E-17      0.1913226E-01      0.1458735E+00      0.9891182E+00
   91          0.942477796077E+01 -0.2452592E-01     -0.9888141E+00      0.1471228E+00      0.9996925E+00     -0.2479574E-01      0.0000000E+00      0.3648020E-02      0.1470776E+00      0.9891182E+00
   91          0.942477796077E+01 -0.2452592E-01     -0.9888141E+00      0.1471228E+00      0.9996925E+00     -0.2479574E-01      0.0000000E+00      0.3648020E-02      0.1470776E+00      0.9891182E+00
   92          0.952949771589E+01  0.7984250E-01     -0.9858905E+00      0.1471228E+00      0.9967367E+00      0.8072089E-01      0.0000000E+00     -0.1187589E-01      0.1466427E+00      0.9891182E+00
   92          0.952949771589E+01  0.7984250E-01     -0.9858905E+00      0.1471228E+00      0.9967367E+00      0.8072089E-01      0.0000000E+00     -0.1187589E-01      0.1466427E+00      0.9891182E+00
   93          0.963421747101E+01  0.1833150E+00     -0.9719828E+00      0.1471228E+00      0.9826760E+00      0.1853317E+00      0.0000000E+00     -0.2726653E-01      0.1445741E+00      0.9891182E+00
   93          0.963421747101E+01  0.1833150E+00     -0.9719828E+00      0.1471228E+00      0.9826760E+00      0.1853317E+00      0.0000000E+00     -0.2726653E-01      0.1445741E+00      0.9891182E+00
   94          0.973893722613E+01  0.2847393E+00     -0.9472478E+00      0.1471228E+00      0.9576689E+00      0.2878719E+00     -0.9814882E-18     -0.4235253E-01      0.1408950E+00      0.9891182E+00
   94          0.973893722613E+01  0.2847393E+00     -0.9472478E+00      0.1471228E+00      0.9576689E+00      0.2878719E+00     -0.9814882E-18     -0.4235253E-01      0.1408950E+00      0.9891182E+00
   95          0.984365698125E+01  0.3829863E+00     -0.9119629E+00      0.1471228E+00      0.9219959E+00      0.3871997E+00      0.0000000E+00     -0.5696592E-01      0.1356466E+00      0.9891182E+00
   95          0.984365698125E+01  0.3829863E+00     -0.9119629E+00      0.1471228E+00      0.9219959E+00      0.3871997E+00      0.0000000E+00     -0.5696592E-01      0.1356466E+00      0.9891182E+00
   96          0.994837673637E+01  0.4769624E+00     -0.8665228E+00      0.1471228E+00      0.8760558E+00      0.4822097E+00     -0.4864749E-18     -0.7094406E-01      0.1288878E+00      0.9891182E+00
   96          0.994837673637E+01  0.4769624E+00     -0.8665228E+00      0.1471228E+00      0.8760558E+00      0.4822097E+00     -0.4864749E-18     -0.7094406E-01      0.1288878E+00      0.9891182E+00
   97          0.100530964915E+02  0.5656221E+00     -0.8114349E+00      0.1471228E+00      0.8203619E+00      0.5718447E+00      0.0000000E+00     -0.8413142E-01      0.1206940E+00      0.9891182E+00
   97          0.100530964915E+02  0.5656221E+00     -0.8114349E+00      0.1471228E+00      0.8203619E+00      0.5718447E+00      0.0000000E+00     -0.8413142E-01      0.1206940E+00      0.9891182E+00
   98          0.101578162466E+02  0.6479789E+00     -0.7473140E+00      0.1471228E+00      0.7555355E+00      0.6551077E+00      0.0000000E+00     -0.9638130E-01      0.1111565E+00      0.9891182E+00
   98          0.101578162466E+02  0.6479789E+00     -0.7473140E+00      0.1471228E+00      0.7555355E+00      0.6551077E+00      0.0000000E+00     -0.9638130E-01      0.1111565E+00      0.9891182E+00
   99          0.102625360017E+02  0.7231172E+00     -0.6748751E+00      0.1471228E+00      0.6822997E+00      0.7310725E+00      0.4807744E-18     -0.1075575E+00      0.1003819E+00      0.9891182E+00
   99          0.102625360017E+02  0.7231172E+00     -0.6748751E+00      0.1471228E+00      0.6822997E+00      0.7310725E+00      0.4807744E-18     -0.1075575E+00      0.1003819E+00      0.9891182E+00
