

    NOD                ACI                a11                a12              a13                a21                  a22                a23                a31                a32               a33
--------------------------------------------------------------------------------------------------------------------------------------------------------------------------------------------------------
    1          0.000000000000E+00  0.2296802E+00      0.9620821E+00      0.1471228E+00     -0.9726664E+00      0.2322070E+00      0.0000000E+00     -0.3416295E-01     -0.1431014E+00      0.9891182E+00
    2          0.157079632679E+01 -0.9775121E+00      0.1510795E+00      0.1471228E+00     -0.1527416E+00     -0.9882662E+00     -0.2999566E-17      0.1453965E+00     -0.2247177E-01      0.9891182E+00
    2          0.157079632679E+01 -0.9775121E+00      0.1510795E+00      0.1471228E+00     -0.1527416E+00     -0.9882662E+00     -0.2999566E-17      0.1453965E+00     -0.2247177E-01      0.9891182E+00
    3          0.314159265359E+01 -0.1063095E+00     -0.9833886E+00      0.1471228E+00      0.9942074E+00     -0.1074790E+00      0.0000000E+00      0.1581262E-01      0.1462706E+00      0.9891182E+00
    3          0.314159265359E+01 -0.1063095E+00     -0.9833886E+00      0.1471228E+00      0.9942074E+00     -0.1074790E+00      0.0000000E+00      0.1581262E-01      0.1462706E+00      0.9891182E+00
    4          0.471238898038E+01  0.9861266E+00     -0.7687196E-01      0.1471228E+00      0.7771766E-01      0.9969754E+00      0.0000000E+00     -0.1466779E+00      0.1143404E-01      0.9891182E+00
    4          0.471238898038E+01  0.9861266E+00     -0.7687196E-01      0.1471228E+00      0.7771766E-01      0.9969754E+00      0.0000000E+00     -0.1466779E+00      0.1143404E-01      0.9891182E+00
    5          0.628318530718E+01  0.5547363E-01      0.9875614E+00      0.1471228E+00     -0.9984261E+00      0.5608392E-01     -0.1269097E-17     -0.8251226E-02     -0.1468913E+00      0.9891182E+00
    5          0.628318530718E+01  0.5547363E-01      0.9875614E+00      0.1471228E+00     -0.9984261E+00      0.5608392E-01     -0.1269097E-17     -0.8251226E-02     -0.1468913E+00      0.9891182E+00
    6          0.785398163397E+01 -0.9883626E+00      0.3865461E-01      0.1471228E+00     -0.3907987E-01     -0.9992361E+00      0.0000000E+00      0.1470104E+00     -0.5749542E-02      0.9891182E+00
    6          0.785398163397E+01 -0.9883626E+00      0.3865461E-01      0.1471228E+00     -0.3907987E-01     -0.9992361E+00      0.0000000E+00      0.1470104E+00     -0.5749542E-02      0.9891182E+00
    7          0.942477796077E+01 -0.2452592E-01     -0.9888141E+00      0.1471228E+00      0.9996925E+00     -0.2479574E-01      0.0000000E+00      0.3648020E-02      0.1470776E+00      0.9891182E+00
    7          0.942477796077E+01 -0.2452592E-01     -0.9888141E+00      0.1471228E+00      0.9996925E+00     -0.2479574E-01      0.0000000E+00      0.3648020E-02      0.1470776E+00      0.9891182E+00
    8          0.109955742876E+02  0.9890464E+00     -0.1191760E-01      0.1471228E+00      0.1204871E-01      0.9999274E+00      0.2352792E-18     -0.1471122E+00      0.1772641E-02      0.9891182E+00
    8          0.109955742876E+02  0.9890464E+00     -0.1191760E-01      0.1471228E+00      0.1204871E-01      0.9999274E+00      0.2352792E-18     -0.1471122E+00      0.1772641E-02      0.9891182E+00
    9          0.125663706144E+02  0.2628419E-08      0.9891182E+00      0.1471228E+00     -0.1000000E+01      0.2657336E-08     -0.5506788E-25     -0.3909548E-09     -0.1471228E+00      0.9891182E+00
    9          0.125663706144E+02  0.2628419E-08      0.9891182E+00      0.1471228E+00     -0.1000000E+01      0.2657336E-08     -0.5506788E-25     -0.3909548E-09     -0.1471228E+00      0.9891182E+00
   10          0.141371669412E+02 -0.9890464E+00     -0.1191760E-01      0.1471228E+00      0.1204871E-01     -0.9999274E+00      0.2352792E-18      0.1471122E+00      0.1772640E-02      0.9891182E+00
   10          0.141371669412E+02 -0.9890464E+00     -0.1191760E-01      0.1471228E+00      0.1204871E-01     -0.9999274E+00      0.2352792E-18      0.1471122E+00      0.1772640E-02      0.9891182E+00
   11          0.157079632679E+02  0.2452592E-01     -0.9888141E+00      0.1471228E+00      0.9996925E+00      0.2479574E-01      0.4978853E-18     -0.3648019E-02      0.1470776E+00      0.9891182E+00
   11          0.157079632679E+02  0.2452592E-01     -0.9888141E+00      0.1471228E+00      0.9996925E+00      0.2479574E-01      0.4978853E-18     -0.3648019E-02      0.1470776E+00      0.9891182E+00
   12          0.172787595947E+02  0.9883626E+00      0.3865461E-01      0.1471228E+00     -0.3907986E-01      0.9992361E+00      0.1097907E-17     -0.1470104E+00     -0.5749541E-02      0.9891182E+00
   12          0.172787595947E+02  0.9883626E+00      0.3865461E-01      0.1471228E+00     -0.3907986E-01      0.9992361E+00      0.1097907E-17     -0.1470104E+00     -0.5749541E-02      0.9891182E+00
   13          0.188495559215E+02 -0.5547362E-01      0.9875614E+00      0.1471228E+00     -0.9984261E+00     -0.5608391E-01      0.1269097E-17      0.8251224E-02     -0.1468913E+00      0.9891182E+00
   13          0.188495559215E+02 -0.5547362E-01      0.9875614E+00      0.1471228E+00     -0.9984261E+00     -0.5608391E-01      0.1269097E-17      0.8251224E-02     -0.1468913E+00      0.9891182E+00
   14          0.204203522483E+02 -0.9861266E+00     -0.7687195E-01      0.1471228E+00      0.7771765E-01     -0.9969754E+00     -0.3107559E-17      0.1466779E+00      0.1143404E-01      0.9891182E+00
   14          0.204203522483E+02 -0.9861266E+00     -0.7687195E-01      0.1471228E+00      0.7771765E-01     -0.9969754E+00     -0.3107559E-17      0.1466779E+00      0.1143404E-01      0.9891182E+00
   15          0.219911485751E+02  0.1063094E+00     -0.9833886E+00      0.1471228E+00      0.9942074E+00      0.1074790E+00      0.0000000E+00     -0.1581262E-01      0.1462706E+00      0.9891182E+00
   15          0.219911485751E+02  0.1063094E+00     -0.9833886E+00      0.1471228E+00      0.9942074E+00      0.1074790E+00      0.0000000E+00     -0.1581262E-01      0.1462706E+00      0.9891182E+00
   16          0.235619449019E+02  0.9775121E+00      0.1510794E+00      0.1471228E+00     -0.1527415E+00      0.9882662E+00      0.0000000E+00     -0.1453965E+00     -0.2247177E-01      0.9891182E+00
   16          0.235619449019E+02  0.9775121E+00      0.1510794E+00      0.1471228E+00     -0.1527415E+00      0.9882662E+00      0.0000000E+00     -0.1453965E+00     -0.2247177E-01      0.9891182E+00
   17          0.251327412287E+02 -0.2296801E+00      0.9620821E+00      0.1471228E+00     -0.9726664E+00     -0.2322069E+00     -0.5135256E-17      0.3416294E-01     -0.1431014E+00      0.9891182E+00
