

    NOD                ACI                a11                a12              a13                a21                  a22                a23                a31                a32               a33
--------------------------------------------------------------------------------------------------------------------------------------------------------------------------------------------------------
    1          0.000000000000E+00  0.1045263E+00      0.9851375E+00      0.1363026E+00     -0.9944181E+00      0.1055110E+00      0.0000000E+00     -0.1438143E-01     -0.1355418E+00      0.9906672E+00
    2          0.104719755120E+00 -0.1015839E-02      0.9906667E+00      0.1363026E+00     -0.9999995E+00     -0.1025409E-02     -0.2459706E-17      0.1397660E-03     -0.1363026E+00      0.9906672E+00
    2          0.104719755120E+00 -0.1015839E-02      0.9906667E+00      0.1363026E+00     -0.9999995E+00     -0.1025409E-02     -0.2459706E-17      0.1397660E-03     -0.1363026E+00      0.9906672E+00
    3          0.209439510239E+00 -0.1064953E+00      0.9849266E+00      0.1363026E+00     -0.9942052E+00     -0.1074986E+00      0.0000000E+00      0.1465234E-01     -0.1355128E+00      0.9906672E+00
    3          0.209439510239E+00 -0.1064953E+00      0.9849266E+00      0.1363026E+00     -0.9942052E+00     -0.1074986E+00      0.0000000E+00      0.1465234E-01     -0.1355128E+00      0.9906672E+00
    4          0.314159265359E+00 -0.2107157E+00      0.9679982E+00      0.1363026E+00     -0.9771174E+00     -0.2127008E+00      0.0000000E+00      0.2899167E-01     -0.1331837E+00      0.9906672E+00
    4          0.314159265359E+00 -0.2107157E+00      0.9679982E+00      0.1363026E+00     -0.9771174E+00     -0.2127008E+00      0.0000000E+00      0.2899167E-01     -0.1331837E+00      0.9906672E+00
    5          0.418879020479E+00 -0.3124976E+00      0.9400888E+00      0.1363026E+00     -0.9489450E+00     -0.3154415E+00      0.0000000E+00      0.4299550E-01     -0.1293437E+00      0.9906672E+00
    5          0.418879020479E+00 -0.3124976E+00      0.9400888E+00      0.1363026E+00     -0.9489450E+00     -0.3154415E+00      0.0000000E+00      0.4299550E-01     -0.1293437E+00      0.9906672E+00
    6          0.523598775598E+00 -0.4106914E+00      0.9015288E+00      0.1363026E+00     -0.9100218E+00     -0.4145604E+00      0.0000000E+00      0.5650567E-01     -0.1240384E+00      0.9906672E+00
    6          0.523598775598E+00 -0.4106914E+00      0.9015288E+00      0.1363026E+00     -0.9100218E+00     -0.4145604E+00      0.0000000E+00      0.5650567E-01     -0.1240384E+00      0.9906672E+00
    7          0.628318530718E+00 -0.5041907E+00      0.8527681E+00      0.1363026E+00     -0.8608017E+00     -0.5089405E+00     -0.2225884E-17      0.6936992E-01     -0.1173295E+00      0.9906672E+00
    7          0.628318530718E+00 -0.5041907E+00      0.8527681E+00      0.1363026E+00     -0.8608017E+00     -0.5089405E+00     -0.2225884E-17      0.6936992E-01     -0.1173295E+00      0.9906672E+00
    8          0.733038285838E+00 -0.5919437E+00      0.7943703E+00      0.1363026E+00     -0.8018538E+00     -0.5975202E+00      0.0000000E+00      0.8144357E-01     -0.1092948E+00      0.9906672E+00
    8          0.733038285838E+00 -0.5919437E+00      0.7943703E+00      0.1363026E+00     -0.8018538E+00     -0.5975202E+00      0.0000000E+00      0.8144357E-01     -0.1092948E+00      0.9906672E+00
    9          0.837758040957E+00 -0.6729656E+00      0.7270068E+00      0.1363026E+00     -0.7338557E+00     -0.6793054E+00      0.2143926E-17      0.9259111E-01     -0.1000265E+00      0.9906672E+00
    9          0.837758040957E+00 -0.6729656E+00      0.7270068E+00      0.1363026E+00     -0.7338557E+00     -0.6793054E+00      0.2143926E-17      0.9259111E-01     -0.1000265E+00      0.9906672E+00
   10          0.942477796077E+00 -0.7463491E+00      0.6514481E+00      0.1363026E+00     -0.6575852E+00     -0.7533802E+00      0.0000000E+00      0.1026877E+00     -0.8963058E-01      0.9906672E+00
   10          0.942477796077E+00 -0.7463491E+00      0.6514481E+00      0.1363026E+00     -0.6575852E+00     -0.7533802E+00      0.0000000E+00      0.1026877E+00     -0.8963058E-01      0.9906672E+00
   11          0.104719755120E+01 -0.8112743E+00      0.5685558E+00      0.1363026E+00     -0.5739120E+00     -0.8189170E+00      0.2067680E-17      0.1116205E+00     -0.7822571E-01      0.9906672E+00
   11          0.104719755120E+01 -0.8112743E+00      0.5685558E+00      0.1363026E+00     -0.5739120E+00     -0.8189170E+00      0.2067680E-17      0.1116205E+00     -0.7822571E-01      0.9906672E+00
   12          0.115191730632E+01 -0.8670177E+00      0.4792724E+00      0.1363026E+00     -0.4837874E+00     -0.8751855E+00      0.0000000E+00      0.1192901E+00     -0.6594149E-01      0.9906672E+00
   12          0.115191730632E+01 -0.8670177E+00      0.4792724E+00      0.1363026E+00     -0.4837874E+00     -0.8751855E+00      0.0000000E+00      0.1192901E+00     -0.6594149E-01      0.9906672E+00
   13          0.125663706144E+01 -0.9129602E+00      0.3846105E+00      0.1363026E+00     -0.3882338E+00     -0.9215609E+00      0.0000000E+00      0.1256112E+00     -0.5291728E-01      0.9906672E+00
   13          0.125663706144E+01 -0.9129602E+00      0.3846105E+00      0.1363026E+00     -0.3882338E+00     -0.9215609E+00      0.0000000E+00      0.1256112E+00     -0.5291728E-01      0.9906672E+00
   14          0.136135681656E+01 -0.9485939E+00      0.2856416E+00      0.1363026E+00     -0.2883326E+00     -0.9575303E+00      0.1962932E-17      0.1305139E+00     -0.3930048E-01      0.9906672E+00
   14          0.136135681656E+01 -0.9485939E+00      0.2856416E+00      0.1363026E+00     -0.2883326E+00     -0.9575303E+00      0.1962932E-17      0.1305139E+00     -0.3930048E-01      0.9906672E+00
   15          0.146607657168E+01 -0.9735272E+00      0.1834840E+00      0.1363026E+00     -0.1852125E+00     -0.9826985E+00      0.0000000E+00      0.1339444E+00     -0.2524495E-01      0.9906672E+00
   15          0.146607657168E+01 -0.9735272E+00      0.1834840E+00      0.1363026E+00     -0.1852125E+00     -0.9826985E+00      0.0000000E+00      0.1339444E+00     -0.2524495E-01      0.9906672E+00
   16          0.157079632679E+01 -0.9874891E+00      0.7928983E-01      0.1363026E+00     -0.8003679E-01     -0.9967919E+00      0.0000000E+00      0.1358654E+00     -0.1090922E-01      0.9906672E+00
   16          0.157079632679E+01 -0.9874891E+00      0.7928983E-01      0.1363026E+00     -0.8003679E-01     -0.9967919E+00      0.0000000E+00      0.1358654E+00     -0.1090922E-01      0.9906672E+00
   17          0.167551608191E+01 -0.9903321E+00     -0.2576734E-01      0.1363026E+00      0.2601008E-01     -0.9996617E+00      0.1868427E-17      0.1362565E+00      0.3545243E-02      0.9906672E+00
   17          0.167551608191E+01 -0.9903321E+00     -0.2576734E-01      0.1363026E+00      0.2601008E-01     -0.9996617E+00      0.1868427E-17      0.1362565E+00      0.3545243E-02      0.9906672E+00
   18          0.178023583703E+01 -0.9820335E+00     -0.1305060E+00      0.1363026E+00      0.1317354E+00     -0.9912849E+00      0.1838980E-17      0.1351147E+00      0.1795588E-01      0.9906672E+00
   18          0.178023583703E+01 -0.9820335E+00     -0.1305060E+00      0.1363026E+00      0.1317354E+00     -0.9912849E+00      0.1838980E-17      0.1351147E+00      0.1795588E-01      0.9906672E+00
   19          0.188495559215E+01 -0.9626955E+00     -0.2337497E+00      0.1363026E+00      0.2359518E+00     -0.9717648E+00     -0.1810489E-17      0.1324541E+00      0.3216084E-01      0.9906672E+00
   19          0.188495559215E+01 -0.9626955E+00     -0.2337497E+00      0.1363026E+00      0.2359518E+00     -0.9717648E+00     -0.1810489E-17      0.1324541E+00      0.3216084E-01      0.9906672E+00
   20          0.198967534727E+01 -0.9325439E+00     -0.3343403E+00      0.1363026E+00      0.3374900E+00     -0.9413291E+00      0.0000000E+00      0.1283056E+00      0.4600077E-01      0.9906672E+00
   20          0.198967534727E+01 -0.9325439E+00     -0.3343403E+00      0.1363026E+00      0.3374900E+00     -0.9413291E+00      0.0000000E+00      0.1283056E+00      0.4600077E-01      0.9906672E+00
   21          0.209439510239E+01 -0.8919252E+00     -0.4311508E+00      0.1363026E+00      0.4352125E+00     -0.9003277E+00      0.3512439E-17      0.1227170E+00      0.5932061E-01      0.9906672E+00
   21          0.209439510239E+01 -0.8919252E+00     -0.4311508E+00      0.1363026E+00      0.4352125E+00     -0.9003277E+00      0.3512439E-17      0.1227170E+00      0.5932061E-01      0.9906672E+00
   22          0.219911485751E+01 -0.8413027E+00     -0.5230979E+00      0.1363026E+00      0.5280259E+00     -0.8492283E+00      0.0000000E+00      0.1157520E+00      0.7197131E-01      0.9906672E+00
   22          0.219911485751E+01 -0.8413027E+00     -0.5230979E+00      0.1363026E+00      0.5280259E+00     -0.8492283E+00      0.0000000E+00      0.1157520E+00      0.7197131E-01      0.9906672E+00
   23          0.230383461263E+01 -0.7812510E+00     -0.6091539E+00      0.1363026E+00      0.6148926E+00     -0.7886109E+00      0.0000000E+00      0.1074897E+00      0.8381147E-01      0.9906672E+00
   23          0.230383461263E+01 -0.7812510E+00     -0.6091539E+00      0.1363026E+00      0.6148926E+00     -0.7886109E+00      0.0000000E+00      0.1074897E+00      0.8381147E-01      0.9906672E+00
   24          0.240855436775E+01 -0.7124497E+00     -0.6883582E+00      0.1363026E+00      0.6948430E+00     -0.7191614E+00      0.0000000E+00      0.9802359E-01      0.9470893E-01      0.9906672E+00
   24          0.240855436775E+01 -0.7124497E+00     -0.6883582E+00      0.1363026E+00      0.6948430E+00     -0.7191614E+00      0.0000000E+00      0.9802359E-01      0.9470893E-01      0.9906672E+00
   25          0.251327412287E+01 -0.6356754E+00     -0.7598279E+00      0.1363026E+00      0.7669860E+00     -0.6416639E+00     -0.1657558E-17      0.8746047E-01      0.1045422E+00      0.9906672E+00
   25          0.251327412287E+01 -0.6356754E+00     -0.7598279E+00      0.1363026E+00      0.7669860E+00     -0.6416639E+00     -0.1657558E-17      0.8746047E-01      0.1045422E+00      0.9906672E+00
   26          0.261799387799E+01 -0.5517930E+00     -0.8227673E+00      0.1363026E+00      0.8305184E+00     -0.5569913E+00      0.0000000E+00      0.7591937E-01      0.1132018E+00      0.9906672E+00
   26          0.261799387799E+01 -0.5517930E+00     -0.8227673E+00      0.1363026E+00      0.8305184E+00     -0.5569913E+00      0.0000000E+00      0.7591937E-01      0.1132018E+00      0.9906672E+00
   27          0.272271363311E+01 -0.4617461E+00     -0.8764771E+00      0.1363026E+00      0.8847341E+00     -0.4660960E+00      0.1612667E-17      0.6353011E-01      0.1205916E+00      0.9906672E+00
   27          0.272271363311E+01 -0.4617461E+00     -0.8764771E+00      0.1363026E+00      0.8847341E+00     -0.4660960E+00      0.1612667E-17      0.6353011E-01      0.1205916E+00      0.9906672E+00
   28          0.282743338823E+01 -0.3665460E+00     -0.9203617E+00      0.1363026E+00      0.9290321E+00     -0.3699991E+00      0.0000000E+00      0.5043185E-01      0.1266295E+00      0.9906672E+00
   28          0.282743338823E+01 -0.3665460E+00     -0.9203617E+00      0.1363026E+00      0.9290321E+00     -0.3699991E+00      0.0000000E+00      0.5043185E-01      0.1266295E+00      0.9906672E+00
   29          0.293215314335E+01 -0.2672608E+00     -0.9539357E+00      0.1363026E+00      0.9629224E+00     -0.2697786E+00      0.0000000E+00      0.3677153E-01      0.1312488E+00      0.9906672E+00
   29          0.293215314335E+01 -0.2672608E+00     -0.9539357E+00      0.1363026E+00      0.9629224E+00     -0.2697786E+00      0.0000000E+00      0.3677153E-01      0.1312488E+00      0.9906672E+00
   30          0.303687289847E+01 -0.1650031E+00     -0.9768293E+00      0.1363026E+00      0.9860317E+00     -0.1665576E+00      0.1550273E-17      0.2270224E-01      0.1343987E+00      0.9906672E+00
   30          0.303687289847E+01 -0.1650031E+00     -0.9768293E+00      0.1363026E+00      0.9860317E+00     -0.1665576E+00      0.1550273E-17      0.2270224E-01      0.1343987E+00      0.9906672E+00
   31          0.314159265359E+01 -0.6091789E-01     -0.9887925E+00      0.1363026E+00      0.9981076E+00     -0.6149178E-01      0.0000000E+00      0.8381490E-02      0.1360447E+00      0.9906672E+00
   31          0.314159265359E+01 -0.6091789E-01     -0.9887925E+00      0.1363026E+00      0.9981076E+00     -0.6149178E-01      0.0000000E+00      0.8381490E-02      0.1360447E+00      0.9906672E+00
   32          0.324631240871E+01  0.4383073E-01     -0.9896972E+00      0.1363026E+00      0.9990208E+00      0.4424365E-01     -0.1511697E-17     -0.6030525E-02      0.1361692E+00      0.9906672E+00
   32          0.324631240871E+01  0.4383073E-01     -0.9896972E+00      0.1363026E+00      0.9990208E+00      0.4424365E-01     -0.1511697E-17     -0.6030525E-02      0.1361692E+00      0.9906672E+00
   33          0.335103216383E+01  0.1480720E+00     -0.9795388E+00      0.1363026E+00      0.9887667E+00      0.1494670E+00     -0.1493250E-17     -0.2037274E-01      0.1347715E+00      0.9906672E+00
   33          0.335103216383E+01  0.1480720E+00     -0.9795388E+00      0.1363026E+00      0.9887667E+00      0.1494670E+00     -0.1493250E-17     -0.2037274E-01      0.1347715E+00      0.9906672E+00
   34          0.345575191895E+01  0.2506420E+00     -0.9584363E+00      0.1363026E+00      0.9674654E+00      0.2530032E+00      0.0000000E+00     -0.3448500E-01      0.1318681E+00      0.9906672E+00
   34          0.345575191895E+01  0.2506420E+00     -0.9584363E+00      0.1363026E+00      0.9674654E+00      0.2530032E+00      0.0000000E+00     -0.3448500E-01      0.1318681E+00      0.9906672E+00
   35          0.356047167407E+01  0.3503961E+00     -0.9266306E+00      0.1363026E+00      0.9353600E+00      0.3536970E+00      0.0000000E+00     -0.4820984E-01      0.1274920E+00      0.9906672E+00
   35          0.356047167407E+01  0.3503961E+00     -0.9266306E+00      0.1363026E+00      0.9353600E+00      0.3536970E+00      0.0000000E+00     -0.4820984E-01      0.1274920E+00      0.9906672E+00
   36          0.366519142919E+01  0.4462221E+00     -0.8844815E+00      0.1363026E+00      0.8928139E+00      0.4504258E+00     -0.1441045E-17     -0.6139421E-01      0.1216929E+00      0.9906672E+00
   36          0.366519142919E+01  0.4462221E+00     -0.8844815E+00      0.1363026E+00      0.8928139E+00      0.4504258E+00     -0.1441045E-17     -0.6139421E-01      0.1216929E+00      0.9906672E+00
   37          0.376991118431E+01  0.5370523E+00     -0.8324641E+00      0.1363026E+00      0.8403064E+00      0.5421117E+00     -0.2849259E-17     -0.7389125E-01      0.1145360E+00      0.9906672E+00
   37          0.376991118431E+01  0.5370523E+00     -0.8324641E+00      0.1363026E+00      0.8403064E+00      0.5421117E+00     -0.2849259E-17     -0.7389125E-01      0.1145360E+00      0.9906672E+00
   38          0.387463093943E+01  0.6218756E+00     -0.7711629E+00      0.1363026E+00      0.7784278E+00      0.6277341E+00     -0.1408679E-17     -0.8556181E-01      0.1061018E+00      0.9906672E+00
   38          0.387463093943E+01  0.6218756E+00     -0.7711629E+00      0.1363026E+00      0.7784278E+00      0.6277341E+00     -0.1408679E-17     -0.8556181E-01      0.1061018E+00      0.9906672E+00
   39          0.397935069455E+01  0.6997485E+00     -0.7012658E+00      0.1363026E+00      0.7078722E+00      0.7063406E+00      0.0000000E+00     -0.9627607E-01      0.9648483E-01      0.9906672E+00
   39          0.397935069455E+01  0.6997485E+00     -0.7012658E+00      0.1363026E+00      0.7078722E+00      0.7063406E+00      0.0000000E+00     -0.9627607E-01      0.9648483E-01      0.9906672E+00
   40          0.408407044967E+01  0.7698053E+00     -0.6235554E+00      0.1363026E+00      0.6294297E+00      0.7770574E+00      0.1378114E-17     -0.1059150E+00      0.8579292E-01      0.9906672E+00
   40          0.408407044967E+01  0.7698053E+00     -0.6235554E+00      0.1363026E+00      0.6294297E+00      0.7770574E+00      0.1378114E-17     -0.1059150E+00      0.8579292E-01      0.9906672E+00
   41          0.418879020479E+01  0.8312683E+00     -0.5389013E+00      0.1363026E+00      0.5439781E+00      0.8390994E+00     -0.1363470E-17     -0.1143714E+00      0.7414565E-01      0.9906672E+00
   41          0.418879020479E+01  0.8312683E+00     -0.5389013E+00      0.1363026E+00      0.5439781E+00      0.8390994E+00     -0.1363470E-17     -0.1143714E+00      0.7414565E-01      0.9906672E+00
   42          0.429350995991E+01  0.8834556E+00     -0.4482496E+00      0.1363026E+00      0.4524725E+00      0.8917784E+00      0.1349233E-17     -0.1215517E+00      0.6167318E-01      0.9906672E+00
   42          0.429350995991E+01  0.8834556E+00     -0.4482496E+00      0.1363026E+00      0.4524725E+00      0.8917784E+00      0.1349233E-17     -0.1215517E+00      0.6167318E-01      0.9906672E+00
   43          0.439822971503E+01  0.9257893E+00     -0.3526127E+00      0.1363026E+00      0.3559346E+00      0.9345109E+00     -0.1335391E-17     -0.1273763E+00      0.4851482E-01      0.9906672E+00
   43          0.439822971503E+01  0.9257893E+00     -0.3526127E+00      0.1363026E+00      0.3559346E+00      0.9345109E+00     -0.1335391E-17     -0.1273763E+00      0.4851482E-01      0.9906672E+00
   44          0.450294947015E+01  0.9578013E+00     -0.2530578E+00      0.1363026E+00      0.2554417E+00      0.9668245E+00      0.0000000E+00     -0.1317807E+00      0.3481738E-01      0.9906672E+00
   44          0.450294947015E+01  0.9578013E+00     -0.2530578E+00      0.1363026E+00      0.2554417E+00      0.9668245E+00      0.0000000E+00     -0.1317807E+00      0.3481738E-01      0.9906672E+00
   45          0.460766922527E+01  0.9791387E+00     -0.1506949E+00      0.1363026E+00      0.1521146E+00      0.9883629E+00     -0.1308842E-17     -0.1347165E+00      0.2073362E-01      0.9906672E+00
   45          0.460766922527E+01  0.9791387E+00     -0.1506949E+00      0.1363026E+00      0.1521146E+00      0.9883629E+00     -0.1308842E-17     -0.1347165E+00      0.2073362E-01      0.9906672E+00
   46          0.471238898038E+01  0.9895676E+00     -0.4666506E-01      0.1363026E+00      0.4710467E-01      0.9988900E+00      0.0000000E+00     -0.1361513E+00      0.6420491E-02      0.9906672E+00
   46          0.471238898038E+01  0.9895676E+00     -0.4666506E-01      0.1363026E+00      0.4710467E-01      0.9988900E+00      0.0000000E+00     -0.1361513E+00      0.6420491E-02      0.9906672E+00
   47          0.481710873550E+01  0.9889754E+00      0.5787318E-01      0.1363026E+00     -0.5841838E-01      0.9982922E+00     -0.1283729E-17     -0.1360698E+00     -0.7962579E-02      0.9906672E+00
   47          0.481710873550E+01  0.9889754E+00      0.5787318E-01      0.1363026E+00     -0.5841838E-01      0.9982922E+00     -0.1283729E-17     -0.1360698E+00     -0.7962579E-02      0.9906672E+00
   48          0.492182849062E+01  0.9773723E+00      0.1617560E+00      0.1363026E+00     -0.1632799E+00      0.9865798E+00      0.1271685E-17     -0.1344734E+00     -0.2225548E-01      0.9906672E+00
   48          0.492182849062E+01  0.9773723E+00      0.1617560E+00      0.1363026E+00     -0.1632799E+00      0.9865798E+00      0.1271685E-17     -0.1344734E+00     -0.2225548E-01      0.9906672E+00
   49          0.502654824574E+01  0.9548909E+00      0.2638277E+00      0.1363026E+00     -0.2663131E+00      0.9638866E+00      0.0000000E+00     -0.1313803E+00     -0.3629917E-01      0.9906672E+00
   49          0.502654824574E+01  0.9548909E+00      0.2638277E+00      0.1363026E+00     -0.2663131E+00      0.9638866E+00      0.0000000E+00     -0.1313803E+00     -0.3629917E-01      0.9906672E+00
   50          0.513126800086E+01  0.9217845E+00      0.3629530E+00      0.1363026E+00     -0.3663722E+00      0.9304684E+00      0.0000000E+00     -0.1268253E+00     -0.4993749E-01      0.9906672E+00
   50          0.513126800086E+01  0.9217845E+00      0.3629530E+00      0.1363026E+00     -0.3663722E+00      0.9304684E+00      0.0000000E+00     -0.1268253E+00     -0.4993749E-01      0.9906672E+00
   51          0.523598775598E+01  0.8784248E+00      0.4580301E+00      0.1363026E+00     -0.4623450E+00      0.8867001E+00      0.0000000E+00     -0.1208596E+00     -0.6301884E-01      0.9906672E+00
   51          0.523598775598E+01  0.8784248E+00      0.4580301E+00      0.1363026E+00     -0.4623450E+00      0.8867001E+00      0.0000000E+00     -0.1208596E+00     -0.6301884E-01      0.9906672E+00
   52          0.534070751110E+01  0.8252967E+00      0.5480027E+00      0.1363026E+00     -0.5531653E+00      0.8330715E+00      0.0000000E+00     -0.1135498E+00     -0.7539788E-01      0.9906672E+00
   52          0.534070751110E+01  0.8252967E+00      0.5480027E+00      0.1363026E+00     -0.5531653E+00      0.8330715E+00      0.0000000E+00     -0.1135498E+00     -0.7539788E-01      0.9906672E+00
   53          0.544542726622E+01  0.7629938E+00      0.6318718E+00      0.1363026E+00     -0.6378245E+00      0.7701818E+00      0.1216190E-17     -0.1049778E+00     -0.8693715E-01      0.9906672E+00
   53          0.544542726622E+01  0.7629938E+00      0.6318718E+00      0.1363026E+00     -0.6378245E+00      0.7701818E+00      0.1216190E-17     -0.1049778E+00     -0.8693715E-01      0.9906672E+00
   54          0.555014702134E+01  0.6922114E+00      0.7087065E+00      0.1363026E+00     -0.7153830E+00      0.6987325E+00      0.0000000E+00     -0.9523908E-01     -0.9750858E-01      0.9906672E+00
   54          0.555014702134E+01  0.6922114E+00      0.7087065E+00      0.1363026E+00     -0.7153830E+00      0.6987325E+00      0.0000000E+00     -0.9523908E-01     -0.9750858E-01      0.9906672E+00
   55          0.565486677646E+01  0.6137385E+00      0.7776546E+00      0.1363026E+00     -0.7849806E+00      0.6195203E+00      0.0000000E+00     -0.8444224E-01     -0.1069949E+00      0.9906672E+00
   55          0.565486677646E+01  0.6137385E+00      0.7776546E+00      0.1363026E+00     -0.7849806E+00      0.6195203E+00      0.0000000E+00     -0.8444224E-01     -0.1069949E+00      0.9906672E+00
   56          0.575958653158E+01  0.5284492E+00      0.8379517E+00      0.1363026E+00     -0.8458458E+00      0.5334276E+00      0.0000000E+00     -0.7270758E-01     -0.1152910E+00      0.9906672E+00
   56          0.575958653158E+01  0.5284492E+00      0.8379517E+00      0.1363026E+00     -0.8458458E+00      0.5334276E+00      0.0000000E+00     -0.7270758E-01     -0.1152910E+00      0.9906672E+00
   57          0.586430628670E+01  0.4372931E+00      0.8889299E+00      0.1363026E+00     -0.8973042E+00      0.4414127E+00      0.0000000E+00     -0.6016571E-01     -0.1223049E+00      0.9906672E+00
   57          0.586430628670E+01  0.4372931E+00      0.8889299E+00      0.1363026E+00     -0.8973042E+00      0.4414127E+00      0.0000000E+00     -0.6016571E-01     -0.1223049E+00      0.9906672E+00
   58          0.596902604182E+01  0.3412844E+00      0.9300250E+00      0.1363026E+00     -0.9387865E+00      0.3444995E+00     -0.1167796E-17     -0.4695618E-01     -0.1279591E+00      0.9906672E+00
   58          0.596902604182E+01  0.3412844E+00      0.9300250E+00      0.1363026E+00     -0.9387865E+00      0.3444995E+00     -0.1167796E-17     -0.4695618E-01     -0.1279591E+00      0.9906672E+00
   59          0.607374579694E+01  0.2414908E+00      0.9607829E+00      0.1363026E+00     -0.9698341E+00      0.2437658E+00      0.5794431E-18     -0.3322592E-01     -0.1321909E+00      0.9906672E+00
   59          0.607374579694E+01  0.2414908E+00      0.9607829E+00      0.1363026E+00     -0.9698341E+00      0.2437658E+00      0.5794431E-18     -0.3322592E-01     -0.1321909E+00      0.9906672E+00
   60          0.617846555206E+01  0.1390217E+00      0.9808642E+00      0.1363026E+00     -0.9901046E+00      0.1403314E+00      0.0000000E+00     -0.1912754E-01     -0.1349539E+00      0.9906672E+00
   60          0.617846555206E+01  0.1390217E+00      0.9808642E+00      0.1363026E+00     -0.9901046E+00      0.1403314E+00      0.0000000E+00     -0.1912754E-01     -0.1349539E+00      0.9906672E+00
   61          0.628318530718E+01  0.3501579E-01      0.9900482E+00      0.1363026E+00     -0.9993751E+00      0.3534567E-01      0.0000000E+00     -0.4817707E-02     -0.1362175E+00      0.9906672E+00
   61          0.628318530718E+01  0.3501579E-01      0.9900482E+00      0.1363026E+00     -0.9993751E+00      0.3534567E-01      0.0000000E+00     -0.4817707E-02     -0.1362175E+00      0.9906672E+00
   62          0.638790506230E+01 -0.6937170E-01      0.9882354E+00      0.1363026E+00     -0.9975452E+00     -0.7002522E-01      0.0000000E+00      0.9544622E-02     -0.1359680E+00      0.9906672E+00
   62          0.638790506230E+01 -0.6937170E-01      0.9882354E+00      0.1363026E+00     -0.9975452E+00     -0.7002522E-01      0.0000000E+00      0.9544622E-02     -0.1359680E+00      0.9906672E+00
   63          0.649262481742E+01 -0.1729816E+00      0.9754481E+00      0.1363026E+00     -0.9846375E+00     -0.1746112E+00     -0.5627981E-18      0.2379997E-01     -0.1342087E+00      0.9906672E+00
   63          0.649262481742E+01 -0.1729816E+00      0.9754481E+00      0.1363026E+00     -0.9846375E+00     -0.1746112E+00     -0.5627981E-18      0.2379997E-01     -0.1342087E+00      0.9906672E+00
   64          0.659734457254E+01 -0.2746639E+00      0.9518305E+00      0.1363026E+00     -0.9607974E+00     -0.2772514E+00     -0.1117832E-17      0.3779010E-01     -0.1309592E+00      0.9906672E+00
   64          0.659734457254E+01 -0.2746639E+00      0.9518305E+00      0.1363026E+00     -0.9607974E+00     -0.2772514E+00     -0.1117832E-17      0.3779010E-01     -0.1309592E+00      0.9906672E+00
   65          0.670206432766E+01 -0.3732902E+00      0.9176470E+00      0.1363026E+00     -0.9262918E+00     -0.3768069E+00     -0.5551399E-18      0.5135976E-01     -0.1262560E+00      0.9906672E+00
   65          0.670206432766E+01 -0.3732902E+00      0.9176470E+00      0.1363026E+00     -0.9262918E+00     -0.3768069E+00     -0.5551399E-18      0.5135976E-01     -0.1262560E+00      0.9906672E+00
   66          0.680678408278E+01 -0.4677665E+00      0.8732789E+00      0.1363026E+00     -0.8815058E+00     -0.4721731E+00      0.0000000E+00      0.6435844E-01     -0.1201516E+00      0.9906672E+00
   66          0.680678408278E+01 -0.4677665E+00      0.8732789E+00      0.1363026E+00     -0.8815058E+00     -0.4721731E+00      0.0000000E+00      0.6435844E-01     -0.1201516E+00      0.9906672E+00
   67          0.691150383790E+01 -0.5570450E+00      0.8192207E+00      0.1363026E+00     -0.8269383E+00     -0.5622927E+00      0.5478964E-18      0.7664197E-01     -0.1127139E+00      0.9906672E+00
   67          0.691150383790E+01 -0.5570450E+00      0.8192207E+00      0.1363026E+00     -0.8269383E+00     -0.5622927E+00      0.5478964E-18      0.7664197E-01     -0.1127139E+00      0.9906672E+00
   68          0.701622359302E+01 -0.6401360E+00      0.7560737E+00      0.1363026E+00     -0.7631965E+00     -0.6461665E+00      0.5444242E-18      0.8807419E-01     -0.1040257E+00      0.9906672E+00
   68          0.701622359302E+01 -0.6401360E+00      0.7560737E+00      0.1363026E+00     -0.7631965E+00     -0.6461665E+00      0.5444242E-18      0.8807419E-01     -0.1040257E+00      0.9906672E+00
   69          0.712094334814E+01 -0.7161187E+00      0.6845404E+00      0.1363026E+00     -0.6909892E+00     -0.7228650E+00      0.0000000E+00      0.9852840E-01     -0.9418365E-01      0.9906672E+00
   69          0.712094334814E+01 -0.7161187E+00      0.6845404E+00      0.1363026E+00     -0.6909892E+00     -0.7228650E+00      0.0000000E+00      0.9852840E-01     -0.9418365E-01      0.9906672E+00
   70          0.722566310326E+01 -0.7841514E+00      0.6054157E+00      0.1363026E+00     -0.6111191E+00     -0.7915386E+00      0.0000000E+00      0.1078888E+00     -0.8329714E-01      0.9906672E+00
   70          0.722566310326E+01 -0.7841514E+00      0.6054157E+00      0.1363026E+00     -0.6111191E+00     -0.7915386E+00      0.0000000E+00      0.1078888E+00     -0.8329714E-01      0.9906672E+00
   71          0.733038285838E+01 -0.8434807E+00      0.5195786E+00      0.1363026E+00     -0.5244733E+00     -0.8514269E+00      0.0000000E+00      0.1160517E+00     -0.7148709E-01      0.9906672E+00
   71          0.733038285838E+01 -0.8434807E+00      0.5195786E+00      0.1363026E+00     -0.5244733E+00     -0.8514269E+00      0.0000000E+00      0.1160517E+00     -0.7148709E-01      0.9906672E+00
   72          0.743510261350E+01 -0.8934500E+00      0.4279822E+00      0.1363026E+00     -0.4320140E+00     -0.9018669E+00      0.1062961E-17      0.1229268E+00     -0.5888465E-01      0.9906672E+00
   72          0.743510261350E+01 -0.8934500E+00      0.4279822E+00      0.1363026E+00     -0.4320140E+00     -0.9018669E+00      0.1062961E-17      0.1229268E+00     -0.5888465E-01      0.9906672E+00
   73          0.753982236862E+01 -0.9335065E+00      0.3316432E+00      0.1363026E+00     -0.3347675E+00     -0.9423007E+00     -0.5284704E-18      0.1284381E+00     -0.4562969E-01      0.9906672E+00
   73          0.753982236862E+01 -0.9335065E+00      0.3316432E+00      0.1363026E+00     -0.3347675E+00     -0.9423007E+00     -0.5284704E-18      0.1284381E+00     -0.4562969E-01      0.9906672E+00
   74          0.764454212374E+01 -0.9632075E+00      0.2316309E+00      0.1363026E+00     -0.2338130E+00     -0.9722816E+00      0.0000000E+00      0.1325245E+00     -0.3186933E-01      0.9906672E+00
   74          0.764454212374E+01 -0.9632075E+00      0.2316309E+00      0.1363026E+00     -0.2338130E+00     -0.9722816E+00      0.0000000E+00      0.1325245E+00     -0.3186933E-01      0.9906672E+00
   75          0.774926187885E+01 -0.9822253E+00      0.1290546E+00      0.1363026E+00     -0.1302704E+00     -0.9914785E+00     -0.5227085E-18      0.1351411E+00     -0.1775619E-01      0.9906672E+00
   75          0.774926187885E+01 -0.9822253E+00      0.1290546E+00      0.1363026E+00     -0.1302704E+00     -0.9914785E+00     -0.5227085E-18      0.1351411E+00     -0.1775619E-01      0.9906672E+00
   76          0.785398163397E+01 -0.9903504E+00      0.2505205E-01      0.1363026E+00     -0.2528806E-01     -0.9996802E+00      0.5199531E-18      0.1362590E+00     -0.3446829E-02      0.9906672E+00
   76          0.785398163397E+01 -0.9903504E+00      0.2505205E-01      0.1363026E+00     -0.2528806E-01     -0.9996802E+00      0.5199531E-18      0.1362590E+00     -0.3446829E-02      0.9906672E+00
   77          0.795870138909E+01 -0.9874944E+00     -0.7922354E-01      0.1363026E+00      0.7996988E-01     -0.9967973E+00      0.0000000E+00      0.1358661E+00      0.1090010E-01      0.9906672E+00
   77          0.795870138909E+01 -0.9874944E+00     -0.7922354E-01      0.1363026E+00      0.7996988E-01     -0.9967973E+00      0.0000000E+00      0.1358661E+00      0.1090010E-01      0.9906672E+00
   78          0.806342114421E+01 -0.9736904E+00     -0.1826162E+00      0.1363026E+00      0.1843366E+00     -0.9828632E+00      0.1029370E-17      0.1339668E+00      0.2512556E-01      0.9906672E+00
   78          0.806342114421E+01 -0.9736904E+00     -0.1826162E+00      0.1363026E+00      0.1843366E+00     -0.9828632E+00      0.1029370E-17      0.1339668E+00      0.2512556E-01      0.9906672E+00
   79          0.816814089933E+01 -0.9490927E+00     -0.2839800E+00      0.1363026E+00      0.2866553E+00     -0.9580338E+00      0.5121688E-18      0.1305825E+00      0.3907187E-01      0.9906672E+00
   79          0.816814089933E+01 -0.9490927E+00     -0.2839800E+00      0.1363026E+00      0.2866553E+00     -0.9580338E+00      0.5121688E-18      0.1305825E+00      0.3907187E-01      0.9906672E+00
   80          0.827286065445E+01 -0.9139754E+00     -0.3821917E+00      0.1363026E+00      0.3857922E+00     -0.9225857E+00      0.0000000E+00      0.1257508E+00      0.5258450E-01      0.9906672E+00
   80          0.827286065445E+01 -0.9139754E+00     -0.3821917E+00      0.1363026E+00      0.3857922E+00     -0.9225857E+00      0.0000000E+00      0.1257508E+00      0.5258450E-01      0.9906672E+00
   81          0.837758040957E+01 -0.8687290E+00     -0.4761633E+00      0.1363026E+00      0.4806491E+00     -0.8769130E+00      0.0000000E+00      0.1195255E+00      0.6551373E-01      0.9906672E+00
   81          0.837758040957E+01 -0.8687290E+00     -0.4761633E+00      0.1363026E+00      0.4806491E+00     -0.8769130E+00      0.0000000E+00      0.1195255E+00      0.6551373E-01      0.9906672E+00
   82          0.848230016469E+01 -0.8138561E+00     -0.5648538E+00      0.1363026E+00      0.5701751E+00     -0.8215232E+00      0.0000000E+00      0.1119758E+00      0.7771637E-01      0.9906672E+00
   82          0.848230016469E+01 -0.8138561E+00     -0.5648538E+00      0.1363026E+00      0.5701751E+00     -0.8215232E+00      0.0000000E+00      0.1119758E+00      0.7771637E-01      0.9906672E+00
   83          0.858701991981E+01 -0.7499658E+00     -0.6472811E+00      0.1363026E+00      0.6533790E+00     -0.7570310E+00      0.0000000E+00      0.1031853E+00      0.8905727E-01      0.9906672E+00
   83          0.858701991981E+01 -0.7499658E+00     -0.6472811E+00      0.1363026E+00      0.6533790E+00     -0.7570310E+00      0.0000000E+00      0.1031853E+00      0.8905727E-01      0.9906672E+00
   84          0.869173967493E+01 -0.6777671E+00     -0.7225326E+00      0.1363026E+00      0.7293393E+00     -0.6841521E+00      0.5007141E-18      0.9325173E-01      0.9941087E-01      0.9906672E+00
   84          0.869173967493E+01 -0.6777671E+00     -0.7225326E+00      0.1363026E+00      0.7293393E+00     -0.6841521E+00      0.5007141E-18      0.9325173E-01      0.9941087E-01      0.9906672E+00
   85          0.879645943005E+01 -0.5980607E+00     -0.7897752E+00      0.1363026E+00      0.7972155E+00     -0.6036949E+00      0.0000000E+00      0.8228520E-01      0.1086626E+00      0.9906672E+00
   85          0.879645943005E+01 -0.5980607E+00     -0.7897752E+00      0.1363026E+00      0.7972155E+00     -0.6036949E+00      0.0000000E+00      0.8228520E-01      0.1086626E+00      0.9906672E+00
   86          0.890117918517E+01 -0.5117306E+00     -0.8482649E+00      0.1363026E+00      0.8562561E+00     -0.5165515E+00     -0.9932658E-18      0.7040732E-01      0.1167100E+00      0.9906672E+00
   86          0.890117918517E+01 -0.5117306E+00     -0.8482649E+00      0.1363026E+00      0.8562561E+00     -0.5165515E+00     -0.9932658E-18      0.7040732E-01      0.1167100E+00      0.9906672E+00
   87          0.900589894029E+01 -0.4197337E+00     -0.8973546E+00      0.1363026E+00      0.9058082E+00     -0.4236879E+00      0.0000000E+00      0.5774977E-01      0.1234640E+00      0.9906672E+00
   87          0.900589894029E+01 -0.4197337E+00     -0.8973546E+00      0.1363026E+00      0.9058082E+00     -0.4236879E+00      0.0000000E+00      0.5774977E-01      0.1234640E+00      0.9906672E+00
   88          0.911061869541E+01 -0.3230897E+00     -0.9365013E+00      0.1363026E+00      0.9453237E+00     -0.3261334E+00      0.4928237E-18      0.4445284E-01      0.1288501E+00      0.9906672E+00
   88          0.911061869541E+01 -0.3230897E+00     -0.9365013E+00      0.1363026E+00      0.9453237E+00     -0.3261334E+00      0.4928237E-18      0.4445284E-01      0.1288501E+00      0.9906672E+00
   89          0.921533845053E+01 -0.2228695E+00     -0.9652724E+00      0.1363026E+00      0.9743659E+00     -0.2249691E+00      0.4910185E-18      0.3066387E-01      0.1328086E+00      0.9906672E+00
   89          0.921533845053E+01 -0.2228695E+00     -0.9652724E+00      0.1363026E+00      0.9743659E+00     -0.2249691E+00      0.4910185E-18      0.3066387E-01      0.1328086E+00      0.9906672E+00
   90          0.932005820565E+01 -0.1201834E+00     -0.9833502E+00      0.1363026E+00      0.9926140E+00     -0.1213157E+00      0.0000000E+00      0.1653564E-01      0.1352959E+00      0.9906672E+00
   90          0.932005820565E+01 -0.1201834E+00     -0.9833502E+00      0.1363026E+00      0.9926140E+00     -0.1213157E+00      0.0000000E+00      0.1653564E-01      0.1352959E+00      0.9906672E+00
   91          0.942477796077E+01 -0.1616909E-01     -0.9905353E+00      0.1363026E+00      0.9998668E+00     -0.1632141E-01     -0.4876020E-18      0.2224651E-02      0.1362845E+00      0.9906672E+00
   91          0.942477796077E+01 -0.1616909E-01     -0.9905353E+00      0.1363026E+00      0.9998668E+00     -0.1632141E-01     -0.4876020E-18      0.2224651E-02      0.1362845E+00      0.9906672E+00
   92          0.952949771589E+01  0.8802153E-01     -0.9867491E+00      0.1363026E+00      0.9960450E+00      0.8885075E-01     -0.2429944E-18     -0.1211059E-01      0.1357635E+00      0.9906672E+00
   92          0.952949771589E+01  0.8802153E-01     -0.9867491E+00      0.1363026E+00      0.9960450E+00      0.8885075E-01     -0.2429944E-18     -0.1211059E-01      0.1357635E+00      0.9906672E+00
   93          0.963421747101E+01  0.1912345E+00     -0.9720344E+00      0.1363026E+00      0.9811917E+00      0.1930361E+00      0.0000000E+00     -0.2631133E-01      0.1337390E+00      0.9906672E+00
   93          0.963421747101E+01  0.1912345E+00     -0.9720344E+00      0.1363026E+00      0.9811917E+00      0.1930361E+00      0.0000000E+00     -0.2631133E-01      0.1337390E+00      0.9906672E+00
   94          0.973893722613E+01  0.2923271E+00     -0.9465551E+00      0.1363026E+00      0.9554722E+00      0.2950810E+00      0.0000000E+00     -0.4022032E-01      0.1302334E+00      0.9906672E+00
   94          0.973893722613E+01  0.2923271E+00     -0.9465551E+00      0.1363026E+00      0.9554722E+00      0.2950810E+00      0.0000000E+00     -0.4022032E-01      0.1302334E+00      0.9906672E+00
   95          0.984365698125E+01  0.3901799E+00     -0.9105939E+00      0.1363026E+00      0.9191723E+00      0.3938557E+00      0.2407596E-18     -0.5368356E-01      0.1252856E+00      0.9906672E+00
   95          0.984365698125E+01  0.3901799E+00     -0.9105939E+00      0.1363026E+00      0.9191723E+00      0.3938557E+00      0.2407596E-18     -0.5368356E-01      0.1252856E+00      0.9906672E+00
   96          0.994837673637E+01  0.4837097E+00     -0.8645499E+00      0.1363026E+00      0.8726945E+00      0.4882666E+00      0.0000000E+00     -0.6655201E-01      0.1189506E+00      0.9906672E+00
   96          0.994837673637E+01  0.4837097E+00     -0.8645499E+00      0.1363026E+00      0.8726945E+00      0.4882666E+00      0.0000000E+00     -0.6655201E-01      0.1189506E+00      0.9906672E+00
   97          0.100530964915E+02  0.5718812E+00     -0.8089335E+00      0.1363026E+00      0.8165542E+00      0.5772687E+00     -0.7182602E-18     -0.7868324E-01      0.1112985E+00      0.9906672E+00
   97          0.100530964915E+02  0.5718812E+00     -0.8089335E+00      0.1363026E+00      0.8165542E+00      0.5772687E+00     -0.7182602E-18     -0.7868324E-01      0.1112985E+00      0.9906672E+00
   98          0.101578162466E+02  0.6537185E+00     -0.7443612E+00      0.1363026E+00      0.7513736E+00      0.6598770E+00      0.0000000E+00     -0.8994297E-01      0.1024142E+00      0.9906672E+00
   98          0.101578162466E+02  0.6537185E+00     -0.7443612E+00      0.1363026E+00      0.7513736E+00      0.6598770E+00      0.0000000E+00     -0.8994297E-01      0.1024142E+00      0.9906672E+00
   99          0.102625360017E+02  0.7283161E+00     -0.6715484E+00      0.1363026E+00      0.6778749E+00      0.7351773E+00      0.2381975E-18     -0.1002066E+00      0.9239613E-01      0.9906672E+00
   99          0.102625360017E+02  0.7283161E+00     -0.6715484E+00      0.1363026E+00      0.6778749E+00      0.7351773E+00      0.2381975E-18     -0.1002066E+00      0.9239613E-01      0.9906672E+00
