

    NOD                ACI                a11                a12              a13                a21                  a22                a23                a31                a32               a33
--------------------------------------------------------------------------------------------------------------------------------------------------------------------------------------------------------
    1          0.000000000000E+00  0.1045263E+00      0.9851375E+00      0.1363026E+00     -0.9944181E+00      0.1055110E+00      0.0000000E+00     -0.1438143E-01     -0.1355418E+00      0.9906672E+00
    2          0.157079632679E+01 -0.9874891E+00      0.7928983E-01      0.1363026E+00     -0.8003679E-01     -0.9967919E+00      0.0000000E+00      0.1358654E+00     -0.1090922E-01      0.9906672E+00
    2          0.157079632679E+01 -0.9874891E+00      0.7928983E-01      0.1363026E+00     -0.8003679E-01     -0.9967919E+00      0.0000000E+00      0.1358654E+00     -0.1090922E-01      0.9906672E+00
    3          0.314159265359E+01 -0.6091789E-01     -0.9887925E+00      0.1363026E+00      0.9981076E+00     -0.6149178E-01      0.0000000E+00      0.8381490E-02      0.1360447E+00      0.9906672E+00
    3          0.314159265359E+01 -0.6091789E-01     -0.9887925E+00      0.1363026E+00      0.9981076E+00     -0.6149178E-01      0.0000000E+00      0.8381490E-02      0.1360447E+00      0.9906672E+00
    4          0.471238898038E+01  0.9895676E+00     -0.4666506E-01      0.1363026E+00      0.4710467E-01      0.9988900E+00      0.0000000E+00     -0.1361513E+00      0.6420491E-02      0.9906672E+00
    4          0.471238898038E+01  0.9895676E+00     -0.4666506E-01      0.1363026E+00      0.4710467E-01      0.9988900E+00      0.0000000E+00     -0.1361513E+00      0.6420491E-02      0.9906672E+00
    5          0.628318530718E+01  0.3501579E-01      0.9900482E+00      0.1363026E+00     -0.9993751E+00      0.3534567E-01      0.1141783E-17     -0.4817707E-02     -0.1362175E+00      0.9906672E+00
    5          0.628318530718E+01  0.3501579E-01      0.9900482E+00      0.1363026E+00     -0.9993751E+00      0.3534567E-01      0.1141783E-17     -0.4817707E-02     -0.1362175E+00      0.9906672E+00
    6          0.785398163397E+01 -0.9903504E+00      0.2505205E-01      0.1363026E+00     -0.2528806E-01     -0.9996802E+00      0.0000000E+00      0.1362590E+00     -0.3446829E-02      0.9906672E+00
    6          0.785398163397E+01 -0.9903504E+00      0.2505205E-01      0.1363026E+00     -0.2528806E-01     -0.9996802E+00      0.0000000E+00      0.1362590E+00     -0.3446829E-02      0.9906672E+00
    7          0.942477796077E+01 -0.1616909E-01     -0.9905353E+00      0.1363026E+00      0.9998668E+00     -0.1632141E-01      0.4876020E-18      0.2224651E-02      0.1362845E+00      0.9906672E+00
    7          0.942477796077E+01 -0.1616909E-01     -0.9905353E+00      0.1363026E+00      0.9998668E+00     -0.1632141E-01      0.4876020E-18      0.2224651E-02      0.1362845E+00      0.9906672E+00
    8          0.109955742876E+02  0.9906355E+00     -0.7932808E-02      0.1363026E+00      0.8007540E-02      0.9999679E+00      0.2348051E-18     -0.1362983E+00      0.1091449E-02      0.9906672E+00
    8          0.109955742876E+02  0.9906355E+00     -0.7932808E-02      0.1363026E+00      0.8007540E-02      0.9999679E+00      0.2348051E-18     -0.1362983E+00      0.1091449E-02      0.9906672E+00
    9          0.125663706144E+02  0.1755025E-08      0.9906672E+00      0.1363026E+00     -0.1000000E+01      0.1771558E-08      0.0000000E+00     -0.2414680E-09     -0.1363026E+00      0.9906672E+00
    9          0.125663706144E+02  0.1755025E-08      0.9906672E+00      0.1363026E+00     -0.1000000E+01      0.1771558E-08      0.0000000E+00     -0.2414680E-09     -0.1363026E+00      0.9906672E+00
   10          0.141371669412E+02 -0.9906355E+00     -0.7932805E-02      0.1363026E+00      0.8007537E-02     -0.9999679E+00      0.0000000E+00      0.1362983E+00      0.1091448E-02      0.9906672E+00
   10          0.141371669412E+02 -0.9906355E+00     -0.7932805E-02      0.1363026E+00      0.8007537E-02     -0.9999679E+00      0.0000000E+00      0.1362983E+00      0.1091448E-02      0.9906672E+00
   11          0.157079632679E+02  0.1616908E-01     -0.9905353E+00      0.1363026E+00      0.9998668E+00      0.1632141E-01      0.0000000E+00     -0.2224651E-02      0.1362845E+00      0.9906672E+00
   11          0.157079632679E+02  0.1616908E-01     -0.9905353E+00      0.1363026E+00      0.9998668E+00      0.1632141E-01      0.0000000E+00     -0.2224651E-02      0.1362845E+00      0.9906672E+00
   12          0.172787595947E+02  0.9903504E+00      0.2505205E-01      0.1363026E+00     -0.2528806E-01      0.9996802E+00     -0.5199530E-18     -0.1362590E+00     -0.3446828E-02      0.9906672E+00
   12          0.172787595947E+02  0.9903504E+00      0.2505205E-01      0.1363026E+00     -0.2528806E-01      0.9996802E+00     -0.5199530E-18     -0.1362590E+00     -0.3446828E-02      0.9906672E+00
   13          0.188495559215E+02 -0.3501579E-01      0.9900482E+00      0.1363026E+00     -0.9993751E+00     -0.3534566E-01      0.5708917E-18      0.4817706E-02     -0.1362175E+00      0.9906672E+00
   13          0.188495559215E+02 -0.3501579E-01      0.9900482E+00      0.1363026E+00     -0.9993751E+00     -0.3534566E-01      0.5708917E-18      0.4817706E-02     -0.1362175E+00      0.9906672E+00
   14          0.204203522483E+02 -0.9895676E+00     -0.4666505E-01      0.1363026E+00      0.4710467E-01     -0.9988900E+00      0.0000000E+00      0.1361513E+00      0.6420490E-02      0.9906672E+00
   14          0.204203522483E+02 -0.9895676E+00     -0.4666505E-01      0.1363026E+00      0.4710467E-01     -0.9988900E+00      0.0000000E+00      0.1361513E+00      0.6420490E-02      0.9906672E+00
   15          0.219911485751E+02  0.6091788E-01     -0.9887925E+00      0.1363026E+00      0.9981076E+00      0.6149177E-01     -0.1530698E-17     -0.8381489E-02      0.1360447E+00      0.9906672E+00
   15          0.219911485751E+02  0.6091788E-01     -0.9887925E+00      0.1363026E+00      0.9981076E+00      0.6149177E-01     -0.1530698E-17     -0.8381489E-02      0.1360447E+00      0.9906672E+00
   16          0.235619449019E+02  0.9874891E+00      0.7928982E-01      0.1363026E+00     -0.8003678E-01      0.9967919E+00      0.1898872E-17     -0.1358654E+00     -0.1090922E-01      0.9906672E+00
   16          0.235619449019E+02  0.9874891E+00      0.7928982E-01      0.1363026E+00     -0.8003678E-01      0.9967919E+00      0.1898872E-17     -0.1358654E+00     -0.1090922E-01      0.9906672E+00
   17          0.251327412287E+02 -0.1045263E+00      0.9851375E+00      0.1363026E+00     -0.9944181E+00     -0.1055110E+00      0.0000000E+00      0.1438143E-01     -0.1355418E+00      0.9906672E+00
